0.000000 68.845426 120.690920
0.010000 72.477308 119.307053
0.020000 72.195585 106.567229
0.030000 69.504471 121.888917
0.040000 68.817587 118.532213
0.050000 71.717145 122.408453
0.060000 68.912818 118.388213
0.070000 69.338056 120.236920
0.080000 63.822276 119.565159
0.090000 69.809115 118.737416
0.100000 69.226777 124.801656
0.110000 68.095875 119.431320
0.120000 67.963467 112.930350
0.130000 69.758901 111.433176
0.140000 69.758620 118.176613
0.150000 66.476296 118.141606
0.160000 69.267960 113.882337
0.170000 68.526870 121.753615
0.180000 70.759816 116.211819
0.190000 70.542303 118.688009
0.200000 67.060578 117.070566
0.210000 69.086568 113.542443
0.220000 68.426169 119.928702
0.230000 69.014833 113.456749
0.240000 67.758053 116.725035
0.250000 72.731099 117.834348
0.260000 67.264808 122.687729
0.270000 68.377745 118.753364
0.280000 67.994923 120.755086
0.290000 67.294663 113.709192
0.300000 67.621179 121.718540
0.310000 71.690680 109.918608
0.320000 71.183069 119.983673
0.330000 72.900546 120.272120
0.340000 68.522582 114.976694
0.350000 69.831016 118.241676
0.360000 69.343027 117.770981
0.370000 66.826838 123.678247
0.380000 67.776606 117.850263
0.390000 71.785412 118.312316
0.400000 65.666829 123.236646
0.410000 68.264030 117.163973
0.420000 66.004357 118.277427
0.430000 67.401463 114.701810
0.440000 71.653676 114.087019
0.450000 69.768008 109.977537
0.460000 69.888546 112.071499
0.470000 71.014688 117.586755
0.480000 68.180071 110.592758
0.490000 68.695462 114.678268
0.500000 69.313701 116.431102
0.510000 68.448099 114.506185
0.520000 68.788065 111.850384
0.530000 71.744882 117.278088
0.540000 70.890654 116.217680
0.550000 67.351641 110.714860
0.560000 69.467458 116.439948
0.570000 67.973734 115.334059
0.580000 70.547991 110.277751
0.590000 67.373872 117.696528
0.600000 69.241840 124.846706
0.610000 68.583338 116.782267
0.620000 69.693343 106.510077
0.630000 69.710650 118.500137
0.640000 69.935606 114.458823
0.650000 67.652314 109.656085
0.660000 70.455985 112.382183
0.670000 70.079041 112.116958
0.680000 72.885464 110.534485
0.690000 70.367958 113.215709
0.700000 65.073718 110.268866
0.710000 69.561888 114.823125
0.720000 68.891527 110.558227
0.730000 65.630913 117.103496
0.740000 67.732634 113.926680
0.750000 67.523360 113.742466
0.760000 69.805538 106.574753
0.770000 69.506819 109.591229
0.780000 67.860273 119.301462
0.790000 70.674251 117.195115
0.800000 67.983819 110.728785
0.810000 73.350536 113.708100
0.820000 70.028721 112.543986
0.830000 66.805681 110.294319
0.840000 70.805683 111.350742
0.850000 68.217275 110.359364
0.860000 67.554199 113.118982
0.870000 67.414530 114.871741
0.880000 73.578609 108.920826
0.890000 68.943391 107.975213
0.900000 67.914239 116.947815
0.910000 71.549135 112.151843
0.920000 68.976141 110.865323
0.930000 68.511943 111.669878
0.940000 72.445590 111.893650
0.950000 68.134059 113.601457
0.960000 69.728495 107.668695
0.970000 70.552019 116.163893
0.980000 69.908746 114.250233
0.990000 66.213470 109.429048
1.000000 70.808338 114.423328
1.010000 70.550625 112.887154
1.020000 72.767561 104.679767
1.030000 71.437589 111.588316
1.040000 68.409243 111.106823
1.050000 71.436644 113.669568
1.060000 68.647527 104.105906
1.070000 71.172342 102.722236
1.080000 69.258195 108.356567
1.090000 67.134902 105.235600
1.100000 71.978338 113.059558
1.110000 68.457999 108.087634
1.120000 68.771943 110.745934
1.130000 68.459769 111.813826
1.140000 70.268563 109.691077
1.150000 70.910678 105.885694
1.160000 68.856445 106.398064
1.170000 68.430830 113.161932
1.180000 69.925184 109.139693
1.190000 71.554471 109.084203
1.200000 73.326805 110.220375
1.210000 66.458223 110.472540
1.220000 67.198235 109.206106
1.230000 70.723548 104.223118
1.240000 70.589893 106.286895
1.250000 68.427776 112.202199
1.260000 72.348913 102.862578
1.270000 72.109582 110.632578
1.280000 69.878119 111.737117
1.290000 69.529705 110.721041
1.300000 63.934651 114.401145
1.310000 67.349781 110.823972
1.320000 67.682039 108.147959
1.330000 70.650688 110.274191
1.340000 72.573330 106.926955
1.350000 67.655643 104.549406
1.360000 69.232717 109.825749
1.370000 67.495571 105.142416
1.380000 67.224081 115.078882
1.390000 67.676036 108.936615
1.400000 66.939870 105.873285
1.410000 68.776861 105.493117
1.420000 72.439394 99.317052
1.430000 70.352437 107.789246
1.440000 69.259301 102.565668
1.450000 67.546859 102.413597
1.460000 69.521467 104.281810
1.470000 69.119595 101.110079
1.480000 69.996243 113.670775
1.490000 69.869157 107.026524
1.500000 68.345349 103.237953
1.510000 69.495791 106.086034
1.520000 72.399650 108.876092
1.530000 71.137401 101.641234
1.540000 71.676662 104.498974
1.550000 69.088366 107.981562
1.560000 67.664992 104.748450
1.570000 71.018188 102.889168
1.580000 68.326991 101.026724
1.590000 67.156083 106.724251
1.600000 66.287641 98.902773
1.610000 70.369853 103.331733
1.620000 71.113246 89.744146
1.630000 69.111275 111.146247
1.640000 69.864547 94.486410
1.650000 70.600907 99.430165
1.660000 69.958423 105.832564
1.670000 65.540184 107.885098
1.680000 67.243770 106.713843
1.690000 70.302537 105.110632
1.700000 69.646674 104.246921
1.710000 72.359074 102.536465
1.720000 68.283435 104.922791
1.730000 71.082902 100.365162
1.740000 72.031166 105.686888
1.750000 67.883468 105.191149
1.760000 69.916398 106.126673
1.770000 73.017064 99.101883
1.780000 68.777598 102.866040
1.790000 70.292962 105.406278
1.800000 69.792841 99.856128
1.810000 69.130851 102.587331
1.820000 71.515187 104.874172
1.830000 66.432955 100.698844
1.840000 66.579076 107.927027
1.850000 71.489490 102.320263
1.860000 71.031040 110.445929
1.870000 67.386135 99.754948
1.880000 69.160651 101.270435
1.890000 71.284362 107.214128
1.900000 68.834503 102.401047
1.910000 69.765941 99.061537
1.920000 66.236806 97.564791
1.930000 70.313341 106.957806
1.940000 72.058551 108.322090
1.950000 68.230013 97.650575
1.960000 69.035151 102.433748
1.970000 69.735320 101.821157
1.980000 71.237175 98.039400
1.990000 72.834319 105.336218
2.000000 70.148939 101.103437
2.010000 68.670541 101.191883
2.020000 69.628900 105.524954
2.030000 69.041036 100.714636
2.040000 68.279212 101.780695
2.050000 68.732685 98.315084
2.060000 68.583986 100.429933
2.070000 67.148048 98.322344
2.080000 70.959259 91.873857
2.090000 68.302425 105.629078
2.100000 71.273804 95.132628
2.110000 69.064431 103.199738
2.120000 70.142494 96.073501
2.130000 72.147469 102.484600
2.140000 70.948958 101.954823
2.150000 70.429552 97.722589
2.160000 68.294637 106.940939
2.170000 73.525052 101.961313
2.180000 69.722180 105.017006
2.190000 69.299189 95.574364
2.200000 67.897149 89.018035
2.210000 71.568230 98.110079
2.220000 66.904444 107.089707
2.230000 69.670917 100.017490
2.240000 66.970994 96.612942
2.250000 70.414517 97.259529
2.260000 70.764642 104.541679
2.270000 69.636046 96.936322
2.280000 67.419549 93.900839
2.290000 68.948495 102.092909
2.300000 67.793887 101.057026
2.310000 69.782860 102.550802
2.320000 71.139128 98.524144
2.330000 72.567505 94.800220
2.340000 69.703410 94.136080
2.350000 67.249860 91.861562
2.360000 71.377377 89.824362
2.370000 67.393687 97.886678
2.380000 71.501695 93.528975
2.390000 70.402313 94.283333
2.400000 69.708119 98.778838
2.410000 70.162365 97.193447
2.420000 71.770738 98.602166
2.430000 64.935787 87.765400
2.440000 68.261536 96.283569
2.450000 75.115689 94.349906
2.460000 66.834555 95.215061
2.470000 66.180897 98.914256
2.480000 69.381631 98.645807
2.490000 67.225563 99.090962
2.500000 71.705438 93.075496
2.510000 72.983621 97.280458
2.520000 69.567728 91.232874
2.530000 70.435548 97.872809
2.540000 71.483645 95.136896
2.550000 65.432743 93.015765
2.560000 70.100429 93.350743
2.570000 67.794225 94.958502
2.580000 71.924935 96.215747
2.590000 69.712928 102.918232
2.600000 69.475012 97.647364
2.610000 70.361396 90.322272
2.620000 70.179580 92.114171
2.630000 67.099756 103.088606
2.640000 70.470899 98.135132
2.650000 68.288824 89.135253
2.660000 70.304919 101.836509
2.670000 69.383621 89.063183
2.680000 73.338707 91.547743
2.690000 70.498582 88.653404
2.700000 68.256705 86.251310
2.710000 71.848173 96.639111
2.720000 70.632402 85.798876
2.730000 69.671994 88.297840
2.740000 68.506422 94.343014
2.750000 68.589109 96.556278
2.760000 69.106437 98.256582
2.770000 73.162235 95.255880
2.780000 66.700313 86.427626
2.790000 71.477598 90.901858
2.800000 64.890909 91.125159
2.810000 69.820518 93.680536
2.820000 69.275846 89.800320
2.830000 72.854209 92.240280
2.840000 70.122098 87.337119
2.850000 70.366985 97.143349
2.860000 71.580457 90.664108
2.870000 64.628773 92.410259
2.880000 71.866174 87.158214
2.890000 69.663425 98.017990
2.900000 69.475798 94.368845
2.910000 67.524082 88.700468
2.920000 68.934000 92.919163
2.930000 68.865733 90.024207
2.940000 70.721175 89.843606
2.950000 74.391917 96.269431
2.960000 68.742901 101.339555
2.970000 69.369805 92.461791
2.980000 68.616961 91.153966
2.990000 72.277242 95.089588
3.000000 68.209045 93.268797
3.010000 69.153341 89.085939
3.020000 67.120385 87.673799
3.030000 71.394758 87.305836
3.040000 65.753055 86.501219
3.050000 65.436455 90.085712
3.060000 69.231967 89.396267
3.070000 69.883217 91.453996
3.080000 69.377422 89.427916
3.090000 65.463063 87.002567
3.100000 68.680477 86.695186
3.110000 72.371527 88.295734
3.120000 72.094887 87.670524
3.130000 70.848832 89.213275
3.140000 75.300579 85.164819
3.150000 69.775349 93.020367
3.160000 73.045338 88.084817
3.170000 73.047219 83.047924
3.180000 72.133211 88.928090
3.190000 68.272748 84.276469
3.200000 68.526837 88.194348
3.210000 70.179389 94.151184
3.220000 66.369679 82.956907
3.230000 69.794744 89.219801
3.240000 70.880241 84.220682
3.250000 71.586257 84.825620
3.260000 69.895274 96.926135
3.270000 70.538629 83.857167
3.280000 66.499707 85.923083
3.290000 66.091461 87.343554
3.300000 66.681880 88.527809
3.310000 67.134099 85.115464
3.320000 68.594294 78.330121
3.330000 67.849168 87.015573
3.340000 73.481719 82.820391
3.350000 70.073530 83.695437
3.360000 67.308201 84.411302
3.370000 72.058932 86.703450
3.380000 71.023317 88.136165
3.390000 71.262690 84.040615
3.400000 69.055159 82.190041
3.410000 71.782302 90.143499
3.420000 70.126333 88.440055
3.430000 72.231523 85.862430
3.440000 66.816096 79.173519
3.450000 66.769148 83.460446
3.460000 70.713233 94.086384
3.470000 71.785230 76.473596
3.480000 68.435651 81.752446
3.490000 67.688996 93.187006
3.500000 66.203466 80.798455
3.510000 69.264802 78.504192
3.520000 71.083513 79.151147
3.530000 66.943109 80.889741
3.540000 70.338927 85.006585
3.550000 67.345419 81.858230
3.560000 66.089767 86.559613
3.570000 69.927533 86.285259
3.580000 71.388097 85.149482
3.590000 67.500051 87.609228
3.600000 70.273903 91.335326
3.610000 69.483247 86.329710
3.620000 65.892183 84.656588
3.630000 71.393643 89.521100
3.640000 68.184316 84.063573
3.650000 67.430878 79.814780
3.660000 66.333110 88.469358
3.670000 68.918614 86.067500
3.680000 67.918184 81.727154
3.690000 73.293700 85.476501
3.700000 71.159433 81.951013
3.710000 68.260458 84.090105
3.720000 70.844093 82.626681
3.730000 67.029916 72.339864
3.740000 66.820940 87.680534
3.750000 72.288658 77.725990
3.760000 71.633224 83.711394
3.770000 72.022946 84.989808
3.780000 70.308379 80.420620
3.790000 69.013650 84.618027
3.800000 69.086963 78.070576
3.810000 71.616043 86.988973
3.820000 69.695068 83.145581
3.830000 72.753152 85.902574
3.840000 68.295275 84.097987
3.850000 67.495221 79.465202
3.860000 68.319304 83.295163
3.870000 66.776391 81.245219
3.880000 69.539851 76.179106
3.890000 65.853136 87.966094
3.900000 70.086973 76.149524
3.910000 67.292255 80.063380
3.920000 71.171543 86.200265
3.930000 64.987428 81.451860
3.940000 69.294438 78.221077
3.950000 70.830182 83.335600
3.960000 70.394222 85.161457
3.970000 68.772735 82.267261
3.980000 69.122804 78.105095
3.990000 72.301241 75.975708
4.000000 69.469795 74.781619
4.010000 67.569467 85.145212
4.020000 72.323705 84.051627
4.030000 71.178633 77.543757
4.040000 68.983385 76.370765
4.050000 67.086861 85.400563
4.060000 69.624348 79.117831
4.070000 68.490550 76.942896
4.080000 72.568084 74.646573
4.090000 68.310679 84.770676
4.100000 70.290923 85.955564
4.110000 69.340146 74.887821
4.120000 66.838030 80.085828
4.130000 68.622778 81.362612
4.140000 68.905594 81.011185
4.150000 69.096113 80.834787
4.160000 70.244757 77.302723
4.170000 64.904649 82.867447
4.180000 70.916527 79.373236
4.190000 69.794527 82.799881
4.200000 71.146725 83.679636
4.210000 69.060279 79.437194
4.220000 66.368918 85.557961
4.230000 65.175465 80.639838
4.240000 72.378787 86.027454
4.250000 68.042734 80.566492
4.260000 72.446830 81.638504
4.270000 69.594125 77.135194
4.280000 70.759536 76.806099
4.290000 70.620476 84.163000
4.300000 74.250468 79.255471
4.310000 69.280877 78.006236
4.320000 66.392796 72.793746
4.330000 69.447604 84.104413
4.340000 71.432150 78.914491
4.350000 68.574856 74.372533
4.360000 66.890461 77.431239
4.370000 68.733997 78.860287
4.380000 68.968975 81.035056
4.390000 69.602917 74.053189
4.400000 69.721686 75.977966
4.410000 69.382603 75.052795
4.420000 69.649903 75.196413
4.430000 68.161440 73.278188
4.440000 69.947219 77.339914
4.450000 68.124071 80.035932
4.460000 70.866668 69.122282
4.470000 67.250970 71.345528
4.480000 67.415331 79.730755
4.490000 72.937978 71.356103
4.500000 70.828343 77.381637
4.510000 67.298160 75.756822
4.520000 73.194668 81.779369
4.530000 66.984839 80.471889
4.540000 68.931946 70.034499
4.550000 70.019841 70.081946
4.560000 67.838586 72.894598
4.570000 66.469675 75.495022
4.580000 70.853934 75.120518
4.590000 69.596224 75.640866
4.600000 70.539346 72.237593
4.610000 67.500379 69.857883
4.620000 68.152622 63.753776
4.630000 70.203128 69.200494
4.640000 70.756842 79.301741
4.650000 70.986111 72.802247
4.660000 67.770226 74.469269
4.670000 67.355679 72.233611
4.680000 70.498913 69.340769
4.690000 69.867088 72.250616
4.700000 68.905177 75.798378
4.710000 69.165984 68.693121
4.720000 68.286546 77.092336
4.730000 69.863332 75.929749
4.740000 68.319521 70.263761
4.750000 70.038213 78.133761
4.760000 70.189951 74.027733
4.770000 68.049972 77.565811
4.780000 67.954338 71.861553
4.790000 71.907546 75.890948
4.800000 70.482340 72.859432
4.810000 71.031950 70.577936
4.820000 71.850918 75.125611
4.830000 70.425096 79.364942
4.840000 70.199941 72.293735
4.850000 69.903437 73.052346
4.860000 66.979514 66.985740
4.870000 71.175490 76.645331
4.880000 70.774581 77.968174
4.890000 70.777161 64.908125
4.900000 71.322827 73.725019
4.910000 69.893488 70.527909
4.920000 68.091068 71.781536
4.930000 69.557058 71.209361
4.940000 67.523112 68.072602
4.950000 69.365360 65.313021
4.960000 72.244829 71.256647
4.970000 67.611932 67.665173
4.980000 68.363037 68.941753
4.990000 70.812520 75.279785
5.000000 71.324193 75.783697
5.010000 67.657316 74.224398
5.020000 71.749490 70.974268
5.030000 69.307899 75.978003
5.040000 67.002198 70.881040
5.050000 69.074268 70.990568
5.060000 70.214251 76.658154
5.070000 71.172298 68.519029
5.080000 66.151356 72.064190
5.090000 66.086725 68.746171
5.100000 71.990575 71.568505
5.110000 67.842185 69.900691
5.120000 71.735166 73.610042
5.130000 67.995351 62.292409
5.140000 69.897494 68.616857
5.150000 66.115655 63.306528
5.160000 70.076494 69.181542
5.170000 71.356239 71.549021
5.180000 69.664840 70.927608
5.190000 70.142890 78.346720
5.200000 69.576570 67.513758
5.210000 67.917547 73.598165
5.220000 68.671996 71.549417
5.230000 67.511200 69.870893
5.240000 70.223920 72.840821
5.250000 69.494040 66.238936
5.260000 71.163202 69.308387
5.270000 65.401371 72.970526
5.280000 72.682195 67.023594
5.290000 65.284996 66.512835
5.300000 68.721111 60.899415
5.310000 70.394008 72.006644
5.320000 68.013692 63.704559
5.330000 67.694062 71.738040
5.340000 72.882948 69.293287
5.350000 67.712098 64.342937
5.360000 68.042658 73.625741
5.370000 72.806743 72.782916
5.380000 71.213288 68.990215
5.390000 69.683322 73.186963
5.400000 72.087394 72.018492
5.410000 66.685264 70.134392
5.420000 71.213318 69.701927
5.430000 70.615540 65.327939
5.440000 71.390185 67.367663
5.450000 69.081768 62.142711
5.460000 67.574893 66.050817
5.470000 73.130794 73.577266
5.480000 69.069441 69.526259
5.490000 68.590620 62.038649
5.500000 69.445646 67.280600
5.510000 66.396006 64.478827
5.520000 68.620442 65.788741
5.530000 67.525502 62.218611
5.540000 69.665035 69.686367
5.550000 68.997222 70.445748
5.560000 64.081114 69.680020
5.570000 68.831009 67.410152
5.580000 70.317221 64.941840
5.590000 66.438477 63.719375
5.600000 69.253554 68.184770
5.610000 71.060881 60.347086
5.620000 67.231331 65.717164
5.630000 69.535832 69.189274
5.640000 72.447446 64.037087
5.650000 69.121062 69.087078
5.660000 70.485202 63.249395
5.670000 73.604930 65.023504
5.680000 70.785414 68.640645
5.690000 69.739996 65.800386
5.700000 66.897643 62.838630
5.710000 67.980254 59.634209
5.720000 67.842927 63.179903
5.730000 68.886985 67.054268
5.740000 67.108131 65.162735
5.750000 70.684483 61.908987
5.760000 69.252272 67.124553
5.770000 71.711255 57.410382
5.780000 64.826709 64.444076
5.790000 70.952598 59.838321
5.800000 66.961975 65.014332
5.810000 69.284216 68.998483
5.820000 66.292654 61.225228
5.830000 69.547471 60.829534
5.840000 69.774319 59.740282
5.850000 70.537952 62.251555
5.860000 66.569508 60.308517
5.870000 67.423567 67.869431
5.880000 71.149435 60.295319
5.890000 69.925700 66.743406
5.900000 67.912025 56.470791
5.910000 70.644485 65.694311
5.920000 69.546717 55.340162
5.930000 68.305867 68.648670
5.940000 68.473866 58.832279
5.950000 70.072197 61.658508
5.960000 70.243096 63.394920
5.970000 69.402239 58.827832
5.980000 68.718053 62.240452
5.990000 67.876360 56.519068
6.000000 67.435930 59.813954
6.010000 66.259856 61.180619
6.020000 72.425221 58.604017
6.030000 68.275311 59.527436
6.040000 70.531602 70.381133
6.050000 67.051543 63.954775
6.060000 67.717806 65.350582
6.070000 70.824957 61.775242
6.080000 71.752516 62.361644
6.090000 72.010750 61.928459
6.100000 66.725370 55.014296
6.110000 68.889196 59.472284
6.120000 68.122556 54.771769
6.130000 69.688806 66.047383
6.140000 65.636875 60.939766
6.150000 71.924738 55.903097
6.160000 65.724207 56.753883
6.170000 68.518300 63.105201
6.180000 65.231581 52.611456
6.190000 71.450364 56.889147
6.200000 70.488990 58.561900
6.210000 70.423871 64.564132
6.220000 70.123331 61.966934
6.230000 71.822688 58.980300
6.240000 68.532102 51.145119
6.250000 69.386187 58.937150
6.260000 68.702905 53.949745
6.270000 72.343122 61.395394
6.280000 67.579093 63.500258
6.290000 67.360178 58.379625
6.300000 65.238623 61.487785
6.310000 67.984385 60.414598
6.320000 71.540938 49.955959
6.330000 69.781069 64.203297
6.340000 68.394989 56.125756
6.350000 71.248083 54.987566
6.360000 69.881477 62.071871
6.370000 68.790517 53.462968
6.380000 66.465532 62.719484
6.390000 69.739004 59.898320
6.400000 70.234549 60.074728
6.410000 69.294250 57.003037
6.420000 69.770889 57.601257
6.430000 69.240829 56.966072
6.440000 68.212050 51.673268
6.450000 71.423324 59.259130
6.460000 70.164764 48.245350
6.470000 72.190607 55.607500
6.480000 70.359420 60.193674
6.490000 72.155306 66.971092
6.500000 67.869240 54.571346
6.510000 66.852742 54.081825
6.520000 68.826935 55.775588
6.530000 66.759445 56.446889
6.540000 69.726098 61.225231
6.550000 69.539661 62.846531
6.560000 67.513312 52.128939
6.570000 69.256781 49.583175
6.580000 69.559445 59.235635
6.590000 69.958821 54.675618
6.600000 67.119554 60.239717
6.610000 67.656489 57.318058
6.620000 66.798628 52.587391
6.630000 68.750955 53.579968
6.640000 69.058690 58.211961
6.650000 69.498615 66.166648
6.660000 71.395186 48.956977
6.670000 71.395996 52.920266
6.680000 65.484848 57.146745
6.690000 68.819196 53.121615
6.700000 70.729519 50.728024
6.710000 67.264016 56.396860
6.720000 70.494681 54.809714
6.730000 72.213642 55.114394
6.740000 72.381394 51.359027
6.750000 69.805226 55.220348
6.760000 72.474709 52.314336
6.770000 69.290231 50.209115
6.780000 68.969251 56.159637
6.790000 67.937006 49.886266
6.800000 70.697934 51.899128
6.810000 73.048607 55.024823
6.820000 69.880021 52.459244
6.830000 69.813899 46.570137
6.840000 70.026285 51.102761
6.850000 68.820223 56.959112
6.860000 71.315359 51.082180
6.870000 70.130327 47.872725
6.880000 71.676956 54.998256
6.890000 71.340911 46.504071
6.900000 67.253360 55.131100
6.910000 66.805115 48.899519
6.920000 69.621936 52.173179
6.930000 70.162054 45.202049
6.940000 65.732960 53.142749
6.950000 68.189199 48.560529
6.960000 69.524967 48.173485
6.970000 68.824106 47.099371
6.980000 74.807977 55.900824
6.990000 70.697110 49.879074
7.000000 68.984719 48.562795
7.010000 70.220815 49.512287
7.020000 67.849100 49.886972
7.030000 72.067560 55.816324
7.040000 68.877219 52.663460
7.050000 72.810800 43.654707
7.060000 65.571219 52.794000
7.070000 70.208357 50.903644
7.080000 63.989338 49.400218
7.090000 72.678775 55.197265
7.100000 69.387594 65.142004
7.110000 66.716669 57.134597
7.120000 70.289022 53.908173
7.130000 69.933440 45.012125
7.140000 69.665198 50.855614
7.150000 68.827610 57.006252
7.160000 70.716870 51.761227
7.170000 71.684342 44.415562
7.180000 69.289109 45.354608
7.190000 68.579151 48.332212
7.200000 68.105950 55.331514
7.210000 70.773409 55.804983
7.220000 67.687485 54.934715
7.230000 66.345505 47.159940
7.240000 72.451767 55.863508
7.250000 69.693486 47.329549
7.260000 67.367279 42.861846
7.270000 69.171930 45.013110
7.280000 72.223682 46.880712
7.290000 72.892487 49.875775
7.300000 71.036405 48.076747
7.310000 70.928125 47.143953
7.320000 71.078524 51.787511
7.330000 63.882295 45.275611
7.340000 68.397438 51.823636
7.350000 72.046373 48.500501
7.360000 68.231261 51.279367
7.370000 70.827591 44.339220
7.380000 70.739693 45.190810
7.390000 69.021260 52.388710
7.400000 69.894496 51.836172
7.410000 69.884381 46.778959
7.420000 66.899000 44.900147
7.430000 67.993548 44.637906
7.440000 69.191743 44.969787
7.450000 71.173862 50.040916
7.460000 68.439882 47.537478
7.470000 70.792016 45.581306
7.480000 71.832540 43.664665
7.490000 66.905481 49.601667
7.500000 67.130741 43.965383
7.510000 74.930309 45.474691
7.520000 65.793030 48.738933
7.530000 69.286556 47.281150
7.540000 69.426249 49.021687
7.550000 69.182499 47.456169
7.560000 69.134483 48.404872
7.570000 70.000248 44.581029
7.580000 65.868694 43.815039
7.590000 72.137061 44.571298
7.600000 72.019195 44.285354
7.610000 70.391556 47.909465
7.620000 70.648300 46.120053
7.630000 68.702264 46.375151
7.640000 68.689528 47.503927
7.650000 69.254996 45.956955
7.660000 72.276704 51.995476
7.670000 65.251621 40.943832
7.680000 68.319078 46.215614
7.690000 69.281180 42.299974
7.700000 69.719250 47.830866
7.710000 69.752793 42.131570
7.720000 70.088716 45.640719
7.730000 72.838882 41.162410
7.740000 68.598621 44.297243
7.750000 73.726681 40.508298
7.760000 70.399527 47.766121
7.770000 68.154116 43.023415
7.780000 70.954619 39.511684
7.790000 69.319389 44.531127
7.800000 70.427435 45.955121
7.810000 69.074721 40.253856
7.820000 71.226648 43.423260
7.830000 70.252272 44.848844
7.840000 72.169567 44.421238
7.850000 71.718496 40.324807
7.860000 72.357173 39.392055
7.870000 68.038908 43.863579
7.880000 75.017255 46.276466
7.890000 67.432637 41.676797
7.900000 70.323956 45.415316
7.910000 71.000794 49.762694
7.920000 71.344839 48.830627
7.930000 72.048579 43.539843
7.940000 69.265864 45.815119
7.950000 70.369659 43.313626
7.960000 69.278821 38.414450
7.970000 66.794950 43.700589
7.980000 69.273003 42.584824
7.990000 70.770240 47.432805
8.000000 70.295509 36.165172
8.010000 69.311837 47.900897
8.020000 71.136861 47.224759
8.030000 69.266237 34.929341
8.040000 70.809727 43.963362
8.050000 69.306749 42.252120
8.060000 70.050551 42.589307
8.070000 65.543938 47.593856
8.080000 68.015984 48.777399
8.090000 69.384493 48.172168
8.100000 70.952578 37.371664
8.110000 71.962259 41.518041
8.120000 69.847820 39.565656
8.130000 68.904629 39.686254
8.140000 64.859367 36.713750
8.150000 68.893273 35.277193
8.160000 68.538555 43.072128
8.170000 70.145581 43.178786
8.180000 68.903131 40.341083
8.190000 63.912129 36.959097
8.200000 71.801250 39.816792
8.210000 68.321104 40.963675
8.220000 68.265419 42.425186
8.230000 69.816418 34.320864
8.240000 71.333447 37.591457
8.250000 71.043003 34.812164
8.260000 70.580971 36.389138
8.270000 73.465928 40.323388
8.280000 69.708027 36.873300
8.290000 69.190929 40.680075
8.300000 70.860320 34.023892
8.310000 69.416782 37.695350
8.320000 69.378768 34.189814
8.330000 70.797678 30.132885
8.340000 67.388504 31.441185
8.350000 71.756353 43.212058
8.360000 71.016729 31.230273
8.370000 69.404974 35.771495
8.380000 70.644752 37.862364
8.390000 69.888120 40.912336
8.400000 67.821737 37.013652
8.410000 68.686645 35.938328
8.420000 69.305280 44.485052
8.430000 74.715043 35.783943
8.440000 68.898061 40.534118
8.450000 67.429304 36.516971
8.460000 71.081273 32.077621
8.470000 67.617347 35.161789
8.480000 67.847147 34.253232
8.490000 68.499366 21.645514
8.500000 72.501773 39.498412
8.510000 67.577592 36.620891
8.520000 70.288887 41.024967
8.530000 69.427369 32.310965
8.540000 70.889025 25.108419
8.550000 69.573884 26.848991
8.560000 70.762663 40.448630
8.570000 68.408475 33.886878
8.580000 71.297105 35.240020
8.590000 68.076216 34.440883
8.600000 71.050792 37.757699
8.610000 68.995748 30.288698
8.620000 68.533844 34.304571
8.630000 69.568359 35.583714
8.640000 67.781460 34.456988
8.650000 70.173891 33.128163
8.660000 70.425247 26.791557
8.670000 69.086594 34.728195
8.680000 66.760189 35.827617
8.690000 69.473338 36.736982
8.700000 68.614745 26.942823
8.710000 68.882999 35.433607
8.720000 67.705126 33.045276
8.730000 68.338899 30.142015
8.740000 70.865489 33.253243
8.750000 67.727939 33.475702
8.760000 69.176864 36.854199
8.770000 67.050988 33.795334
8.780000 67.937856 29.187234
8.790000 71.598250 36.944571
8.800000 69.459269 37.812685
8.810000 68.063687 32.259872
8.820000 68.875572 30.416010
8.830000 71.071065 38.680134
8.840000 71.173255 38.247127
8.850000 71.911125 28.750369
8.860000 69.023319 33.031660
8.870000 67.839143 31.522820
8.880000 69.649993 38.432029
8.890000 65.773961 32.837567
8.900000 71.558131 29.371249
8.910000 70.008855 37.142106
8.920000 72.690275 33.068117
8.930000 67.553601 30.510522
8.940000 68.343195 29.943618
8.950000 72.171953 34.369805
8.960000 69.689354 40.784999
8.970000 71.317213 32.463872
8.980000 67.581556 29.528047
8.990000 68.321991 34.196003
9.000000 73.855372 32.418823
9.010000 72.512425 31.447342
9.020000 73.241184 30.367474
9.030000 66.733007 35.621364
9.040000 69.038501 34.532459
9.050000 66.426923 42.854291
9.060000 69.166384 27.623017
9.070000 68.699308 26.736543
9.080000 68.587607 25.866575
9.090000 68.739104 31.821214
9.100000 68.626598 29.543242
9.110000 69.369400 26.877814
9.120000 71.946218 30.466908
9.130000 73.119844 29.120887
9.140000 72.369844 34.878166
9.150000 70.208036 34.485623
9.160000 71.227697 34.058373
9.170000 72.677663 31.577780
9.180000 70.330149 30.000842
9.190000 66.637238 26.527463
9.200000 70.911930 27.180940
9.210000 73.093960 31.118112
9.220000 69.710308 24.750149
9.230000 69.993789 27.177952
9.240000 70.512135 26.231134
9.250000 69.386115 36.188993
9.260000 66.253464 31.330881
9.270000 71.522611 33.663189
9.280000 68.799761 43.895354
9.290000 69.731656 35.131376
9.300000 64.371538 20.893196
9.310000 67.157390 29.161823
9.320000 68.900111 29.105159
9.330000 68.331410 28.078350
9.340000 70.040508 32.737710
9.350000 70.020977 25.312664
9.360000 67.415764 27.747358
9.370000 69.199533 26.719810
9.380000 66.849215 24.010573
9.390000 69.615914 34.360923
9.400000 70.374901 30.624636
9.410000 69.623152 33.626967
9.420000 68.272736 26.261231
9.430000 66.061390 26.881634
9.440000 68.998201 29.054486
9.450000 69.255433 30.146040
9.460000 69.421259 33.933930
9.470000 70.750728 25.998892
9.480000 71.942549 28.960991
9.490000 68.369954 22.954414
9.500000 71.493027 28.345353
9.510000 68.846407 27.471530
9.520000 68.871380 27.813485
9.530000 69.598956 26.154997
9.540000 71.873839 32.782242
9.550000 68.277608 24.352478
9.560000 69.183421 21.629975
9.570000 66.217748 33.353636
9.580000 70.527858 29.484077
9.590000 72.357223 27.601256
9.600000 73.193103 23.377107
9.610000 70.892599 29.875944
9.620000 66.835672 22.323360
9.630000 66.394106 19.684556
9.640000 69.959155 20.814522
9.650000 69.457095 21.752091
9.660000 68.358751 21.497298
9.670000 70.113506 32.961338
9.680000 72.390487 19.609042
9.690000 67.816576 29.246147
9.700000 66.187413 18.817040
9.710000 66.675880 28.086234
9.720000 68.720851 24.874636
9.730000 70.227439 20.494812
9.740000 67.532391 28.369128
9.750000 73.346146 27.981227
9.760000 65.398675 23.477453
9.770000 68.485727 21.012919
9.780000 71.071899 28.468450
9.790000 68.039414 29.251273
9.800000 70.612162 27.241983
9.810000 71.639586 20.037748
9.820000 70.104080 21.574519
9.830000 71.876553 23.808094
9.840000 70.644361 25.014520
9.850000 67.932022 21.095434
9.860000 69.039344 27.747680
9.870000 73.781313 28.070897
9.880000 69.713972 20.317200
9.890000 68.831399 21.647995
9.900000 67.750610 28.345704
9.910000 71.344320 25.774357
9.920000 70.094909 25.820416
9.930000 67.719460 20.900593
9.940000 69.423675 23.512422
9.950000 69.724154 24.521474
9.960000 67.815675 22.300015
9.970000 71.228470 22.318571
9.980000 67.037856 18.687874
9.990000 69.781914 23.589847
10.000000 70.231752 25.954466
10.010000 69.195635 18.306120
10.020000 66.944417 15.479509
10.030000 69.789542 25.516923
10.040000 71.675248 24.489834
10.050000 71.115023 22.433120
10.060000 68.466828 18.114355
10.070000 71.479899 20.816325
10.080000 66.671932 28.080550
10.090000 68.570971 20.839547
10.100000 70.045219 25.746754
10.110000 69.980809 22.626194
10.120000 69.737237 12.701313
10.130000 69.012405 24.932059
10.140000 72.257777 26.642990
10.150000 70.668420 20.442380
10.160000 69.287228 13.823479
10.170000 72.157874 22.998735
10.180000 71.964820 22.042692
10.190000 69.116051 22.861559
10.200000 66.594555 17.939909
10.210000 74.201628 22.445933
10.220000 68.765822 21.189538
10.230000 70.699763 15.824492
10.240000 68.103643 17.463253
10.250000 69.881498 16.584229
10.260000 63.985668 19.227306
10.270000 69.574368 12.540356
10.280000 70.792771 10.356985
10.290000 72.466969 26.712516
10.300000 70.198786 20.588433
10.310000 71.071352 11.786883
10.320000 67.909762 16.530380
10.330000 68.561238 20.316310
10.340000 69.423457 19.644110
10.350000 68.344124 20.206208
10.360000 68.894721 14.943714
10.370000 72.885109 20.250692
10.380000 71.461957 21.466256
10.390000 70.672397 13.786637
10.400000 69.031368 17.214429
10.410000 70.639611 22.970057
10.420000 74.167998 18.000095
10.430000 68.790907 17.415486
10.440000 69.565516 19.830045
10.450000 74.201708 18.596513
10.460000 70.851855 15.936438
10.470000 72.107686 22.650084
10.480000 68.099031 10.882587
10.490000 71.536631 19.014038
10.500000 71.493631 18.144274
10.510000 67.191439 16.440048
10.520000 68.729051 17.417796
10.530000 71.251219 17.888023
10.540000 71.164559 8.892999
10.550000 70.208362 17.111181
10.560000 68.251239 8.389952
10.570000 69.105429 13.393176
10.580000 71.839048 13.208754
10.590000 68.959525 11.193769
10.600000 69.026027 14.926630
10.610000 70.238549 14.870342
10.620000 66.158074 14.867745
10.630000 66.561212 13.187325
10.640000 70.541144 7.398037
10.650000 68.212860 20.402767
10.660000 71.804330 13.810730
10.670000 67.409505 14.871150
10.680000 71.408897 19.164006
10.690000 69.290927 19.981686
10.700000 69.257340 16.896936
10.710000 70.521410 18.967924
10.720000 68.572301 12.546087
10.730000 69.814574 19.705974
10.740000 69.791184 9.759546
10.750000 71.237162 13.731136
10.760000 71.227019 14.710623
10.770000 63.130775 22.570027
10.780000 69.637519 13.353763
10.790000 69.109796 14.165606
10.800000 69.345053 11.215422
10.810000 71.747698 18.466476
10.820000 69.950990 16.973107
10.830000 69.335791 12.719275
10.840000 68.408026 13.843245
10.850000 71.586780 22.612646
10.860000 66.167627 19.662557
10.870000 65.177114 8.036020
10.880000 66.870206 15.217418
10.890000 68.244594 21.918568
10.900000 69.166462 18.058213
10.910000 72.005848 12.165142
10.920000 74.199648 16.766406
10.930000 68.582142 15.103690
10.940000 66.786574 12.358245
10.950000 72.858549 18.590465
10.960000 74.388808 11.413115
10.970000 69.181045 8.655227
10.980000 65.213520 17.696547
10.990000 69.517770 9.729032
11.000000 68.596889 13.047155
11.010000 69.717003 15.490036
11.020000 69.304880 12.885821
11.030000 69.423780 6.978341
11.040000 68.189990 8.461154
11.050000 69.715501 7.116192
11.060000 69.827389 10.952649
11.070000 69.226911 13.012662
11.080000 70.568127 3.806178
11.090000 70.930627 7.523988
11.100000 69.077682 10.905709
11.110000 70.709592 8.334359
11.120000 70.744166 17.414862
11.130000 67.608659 5.841099
11.140000 65.774603 11.112982
11.150000 71.167139 5.887792
11.160000 68.548743 1.578948
11.170000 69.399845 10.548805
11.180000 68.324242 15.139787
11.190000 71.452981 13.477416
11.200000 70.911089 14.767115
11.210000 72.547034 14.141217
11.220000 74.253281 7.199351
11.230000 67.316497 13.136623
11.240000 70.553085 9.320367
11.250000 68.567887 3.489644
11.260000 69.978095 9.159999
11.270000 72.259201 14.803679
11.280000 71.242814 8.634147
11.290000 71.116742 3.583658
11.300000 70.200035 9.093977
11.310000 73.252944 13.715611
11.320000 70.331461 4.390889
11.330000 69.134333 8.101740
11.340000 70.882518 15.276068
11.350000 70.290469 10.467373
11.360000 68.379964 6.378618
11.370000 69.551084 14.420943
11.380000 71.073766 7.651096
11.390000 73.285173 11.469323
11.400000 68.977808 6.457991
11.410000 66.693317 3.269301
11.420000 67.242791 6.324192
11.430000 68.793321 7.495762
11.440000 70.439377 8.114297
11.450000 67.145742 2.825964
11.460000 65.999695 14.558982
11.470000 68.448769 1.790069
11.480000 65.260998 8.137047
11.490000 69.876481 4.449579
11.500000 66.815908 11.827058
11.510000 68.598893 9.529570
11.520000 67.524519 10.096690
11.530000 69.830739 2.417216
11.540000 67.619303 13.308963
11.550000 71.744936 7.724084
11.560000 69.688022 6.158198
11.570000 68.467879 9.070806
11.580000 65.390947 3.414201
11.590000 72.560259 9.685700
11.600000 73.951591 11.373057
11.610000 68.261667 3.189852
11.620000 67.856352 10.219992
11.630000 66.878334 8.465275
11.640000 70.646069 1.502708
11.650000 65.288654 8.265231
11.660000 73.844005 4.567277
11.670000 65.749270 1.698961
11.680000 70.131245 2.213184
11.690000 69.866053 0.523969
11.700000 72.977035 5.742925
11.710000 69.262065 3.301888
11.720000 71.415981 8.154488
11.730000 67.820379 -1.492675
11.740000 69.404831 2.031977
11.750000 68.196470 -2.526722
11.760000 68.160490 8.200702
11.770000 73.539566 6.873521
11.780000 70.021823 0.067584
11.790000 70.717384 2.726251
11.800000 70.223314 8.518728
11.810000 69.415267 7.877975
11.820000 67.560445 1.170971
11.830000 74.060425 7.881525
11.840000 69.107071 0.539276
11.850000 68.037890 1.212600
11.860000 70.641778 1.594047
11.870000 70.655797 -6.732446
11.880000 68.435047 3.555044
11.890000 69.592135 12.008303
11.900000 68.103123 0.894349
11.910000 64.427764 10.803421
11.920000 68.267694 1.395459
11.930000 72.336321 1.415129
11.940000 68.052643 1.906628
11.950000 68.436631 4.325106
11.960000 67.908798 8.226733
11.970000 72.471209 0.991738
11.980000 71.205221 3.268670
11.990000 70.264980 3.868393
12.000000 68.716210 8.518098
12.010000 68.664066 3.995713
12.020000 70.536809 6.936043
12.030000 65.556666 7.002444
12.040000 72.485814 5.464496
12.050000 69.380459 2.019798
12.060000 71.100355 4.448858
12.070000 71.043277 4.610166
12.080000 70.530160 6.962882
12.090000 68.036326 4.827720
12.100000 69.505735 0.506309
12.110000 69.781542 -1.901926
12.120000 68.107584 1.676417
12.130000 69.299369 6.114220
12.140000 70.361840 2.990433
12.150000 70.319177 -1.308961
12.160000 70.940694 -4.068008
12.170000 68.421535 0.172421
12.180000 69.895691 4.480580
12.190000 68.432719 4.274884
12.200000 67.620250 -2.239918
12.210000 69.196833 -5.677579
12.220000 66.581913 2.868726
12.230000 70.419492 0.967593
12.240000 69.474372 3.438393
12.250000 68.118267 -5.455699
12.260000 68.157322 -1.924127
12.270000 69.541339 -5.865261
12.280000 71.597881 3.280389
12.290000 72.999410 -0.227236
12.300000 67.217022 1.877688
12.310000 69.458583 -2.479517
12.320000 71.444191 -3.180407
12.330000 67.324272 4.622185
12.340000 70.017840 2.713564
12.350000 70.635785 -5.820332
12.360000 69.976625 -0.850819
12.370000 71.127158 4.333846
12.380000 70.687751 0.727027
12.390000 70.988340 -2.905455
12.400000 68.361563 4.622180
12.410000 70.873966 0.304425
12.420000 66.731728 -6.897517
12.430000 68.764747 1.043691
12.440000 70.853585 6.855842
12.450000 71.087249 -10.107483
12.460000 68.412938 7.950506
12.470000 67.630760 -7.437421
12.480000 69.418225 1.559827
12.490000 70.597825 -4.705807
12.500000 72.430033 -5.030626
12.510000 71.714831 -0.304603
12.520000 69.472223 -1.350357
12.530000 68.733225 -4.579005
12.540000 69.042400 -2.241768
12.550000 70.797620 -0.994109
12.560000 73.874942 -6.520753
12.570000 70.329629 -8.698160
12.580000 71.232853 6.926530
12.590000 67.437634 -3.999201
12.600000 70.975547 -8.632134
12.610000 70.405401 5.535398
12.620000 69.126850 -4.494907
12.630000 75.416357 -4.811770
12.640000 65.394656 -3.402639
12.650000 71.715346 -6.866036
12.660000 65.645924 -7.357448
12.670000 73.862636 -4.980674
12.680000 69.052587 -5.762864
12.690000 67.435439 -3.463788
12.700000 71.831443 -4.862974
12.710000 66.421318 -5.053035
12.720000 75.135178 -1.909510
12.730000 68.438980 -2.206035
12.740000 72.159490 -0.849589
12.750000 69.744878 -10.106590
12.760000 73.691446 -7.045320
12.770000 70.215705 -9.712779
12.780000 70.131084 -6.458077
12.790000 68.032531 -6.422493
12.800000 72.622857 -8.082533
12.810000 65.872931 -12.737049
12.820000 67.683336 -1.269420
12.830000 68.689094 -1.776379
12.840000 70.496755 -12.841516
12.850000 69.502063 -8.192626
12.860000 68.800912 -3.498179
12.870000 65.799841 -1.972084
12.880000 70.486822 -9.063537
12.890000 69.538276 -5.478595
12.900000 71.550996 -1.797329
12.910000 69.605761 -2.904866
12.920000 66.576167 2.345834
12.930000 69.460231 -4.944009
12.940000 70.953280 -6.442468
12.950000 70.870515 -8.407371
12.960000 71.024267 -5.357288
12.970000 72.329525 -8.627583
12.980000 70.961213 -7.811318
12.990000 70.170258 -6.281747
13.000000 67.890984 -11.595146
13.010000 67.995104 -9.193845
13.020000 69.816606 -10.068822
13.030000 68.686355 -5.023262
13.040000 66.985074 -10.106984
13.050000 68.495296 -5.913353
13.060000 69.971424 -2.041774
13.070000 67.601847 -11.658111
13.080000 68.413855 -2.767355
13.090000 70.389684 -7.191139
13.100000 70.632435 -15.852866
13.110000 72.367020 -7.952316
13.120000 71.651072 -9.521346
13.130000 70.469015 -10.573587
13.140000 69.431644 -13.213064
13.150000 69.270509 -8.777320
13.160000 68.888639 -5.264201
13.170000 71.188623 -7.751896
13.180000 69.094252 -6.639239
13.190000 69.480360 -13.974395
13.200000 67.982820 -5.363708
13.210000 71.751854 -4.872788
13.220000 65.934397 -11.144796
13.230000 67.921407 -8.862092
13.240000 68.683571 -7.676231
13.250000 68.617824 -8.182577
13.260000 68.118651 -3.824489
13.270000 72.202628 -11.416791
13.280000 67.079809 -7.524848
13.290000 68.943739 -6.952710
13.300000 70.338907 -7.859944
13.310000 68.077903 -8.680100
13.320000 70.944845 -12.433065
13.330000 72.033431 -10.300688
13.340000 68.231506 -10.898442
13.350000 66.542465 -13.194753
13.360000 71.147205 -8.157106
13.370000 67.812406 -5.922792
13.380000 69.177146 -13.659991
13.390000 67.817770 -7.455244
13.400000 70.862095 -10.835508
13.410000 67.442968 -12.035575
13.420000 70.880736 -16.038205
13.430000 69.089028 -7.693980
13.440000 69.900033 -7.902631
13.450000 70.128428 -12.578491
13.460000 71.414525 -11.747357
13.470000 71.435138 -16.877392
13.480000 66.820652 -14.828450
13.490000 69.656446 -14.699516
13.500000 70.309425 -11.011989
13.510000 71.126670 -7.224893
13.520000 68.475979 -11.640044
13.530000 66.495197 -12.477019
13.540000 70.993186 -18.585119
13.550000 70.012665 -9.132447
13.560000 68.459108 -10.424763
13.570000 70.400803 -13.951073
13.580000 70.113301 -8.580684
13.590000 67.992844 -18.222636
13.600000 69.939598 -15.165183
13.610000 66.980577 -11.081771
13.620000 67.387159 -9.222974
13.630000 68.537465 -15.364659
13.640000 69.819824 -12.821511
13.650000 71.750841 -12.514900
13.660000 70.034499 -14.438798
13.670000 70.806023 -9.691282
13.680000 70.112012 -17.791006
13.690000 66.541701 -10.205333
13.700000 71.017202 -17.825838
13.710000 69.187288 -19.127366
13.720000 70.047793 -13.692282
13.730000 68.652809 -14.454677
13.740000 66.647752 -19.636971
13.750000 70.063956 -16.604441
13.760000 71.420511 -10.141866
13.770000 67.782677 -15.723767
13.780000 68.232357 -8.141439
13.790000 67.514209 -14.962490
13.800000 66.870336 -13.674671
13.810000 68.255941 -17.647445
13.820000 73.874668 -14.129840
13.830000 68.459082 -17.779065
13.840000 64.952629 -11.292415
13.850000 68.073806 -21.528657
13.860000 68.508914 -9.651799
13.870000 72.740099 -16.885064
13.880000 69.390651 -17.747972
13.890000 69.084704 -9.701526
13.900000 68.908844 -16.090606
13.910000 67.464166 -15.891256
13.920000 66.985458 -19.699869
13.930000 63.940548 -18.877806
13.940000 69.810309 -16.730246
13.950000 67.094927 -22.755065
13.960000 70.473831 -13.938895
13.970000 67.736465 -10.073470
13.980000 73.034630 -22.662465
13.990000 64.990580 -18.029524
14.000000 71.321161 -17.780140
14.010000 69.570527 -17.487970
14.020000 69.579711 -14.362187
14.030000 68.422617 -21.800601
14.040000 69.084441 -13.083438
14.050000 72.525912 -15.042504
14.060000 68.989491 -18.468882
14.070000 69.302038 -16.638665
14.080000 70.896776 -23.806406
14.090000 67.913295 -24.436148
14.100000 66.761882 -17.091621
14.110000 69.237603 -18.780705
14.120000 69.559312 -16.582012
14.130000 66.209898 -26.142281
14.140000 67.265559 -17.617764
14.150000 66.335145 -15.067362
14.160000 66.697999 -25.548158
14.170000 70.550594 -22.051151
14.180000 67.251851 -24.643521
14.190000 68.379278 -14.262134
14.200000 68.975304 -17.529431
14.210000 69.075577 -15.736827
14.220000 70.282628 -20.402749
14.230000 70.259910 -22.449532
14.240000 68.930749 -21.107100
14.250000 72.959121 -17.857537
14.260000 71.260066 -19.440401
14.270000 69.448116 -12.396425
14.280000 69.729413 -15.705468
14.290000 69.812891 -17.866250
14.300000 73.215627 -24.660933
14.310000 67.934383 -25.035484
14.320000 71.314636 -16.821156
14.330000 70.246921 -19.461082
14.340000 70.256252 -23.587077
14.350000 65.595508 -19.040361
14.360000 69.462135 -23.674445
14.370000 68.890066 -20.748963
14.380000 71.422878 -20.226655
14.390000 69.507557 -20.171845
14.400000 69.273962 -18.192431
14.410000 70.527336 -14.078416
14.420000 66.474489 -24.218383
14.430000 69.392983 -21.703695
14.440000 70.890126 -19.500849
14.450000 71.292002 -22.563174
14.460000 68.512724 -17.299056
14.470000 69.593951 -16.785019
14.480000 67.557116 -26.349944
14.490000 70.545335 -20.743498
14.500000 71.499421 -21.483910
14.510000 71.323377 -25.857005
14.520000 68.245521 -25.166888
14.530000 68.214781 -23.185920
14.540000 69.334757 -23.331663
14.550000 67.469495 -18.380667
14.560000 70.003693 -25.964051
14.570000 71.823464 -22.351316
14.580000 70.858580 -27.851806
14.590000 69.642805 -21.408400
14.600000 72.146264 -18.511771
14.610000 67.943565 -22.304585
14.620000 67.426362 -20.973593
14.630000 68.545135 -24.851539
14.640000 66.555954 -17.784731
14.650000 68.772259 -18.812223
14.660000 70.069732 -13.687612
14.670000 67.006778 -25.639479
14.680000 66.539682 -23.813951
14.690000 69.552950 -26.890207
14.700000 67.067940 -22.279722
14.710000 70.080268 -22.210094
14.720000 67.835758 -26.977987
14.730000 71.525126 -20.818568
14.740000 70.920313 -27.452853
14.750000 70.117658 -23.940335
14.760000 70.889070 -25.560937
14.770000 70.428992 -26.225757
14.780000 70.645962 -31.712349
14.790000 67.969331 -18.940963
14.800000 67.935104 -23.212823
14.810000 70.960150 -29.479966
14.820000 71.217263 -28.078061
14.830000 73.870653 -25.648077
14.840000 68.752151 -27.185907
14.850000 69.847921 -25.388600
14.860000 68.617255 -19.858065
14.870000 68.528479 -31.312958
14.880000 70.473667 -17.988980
14.890000 72.100831 -18.645245
14.900000 66.243018 -23.217912
14.910000 73.371873 -20.501332
14.920000 68.506270 -30.227395
14.930000 71.567947 -29.143439
14.940000 67.197616 -30.163743
14.950000 68.595548 -32.876074
14.960000 68.578213 -22.947755
14.970000 66.483046 -26.468512
14.980000 68.901443 -29.420324
14.990000 67.053038 -24.972533
15.000000 71.630351 -29.909634
15.010000 70.484532 -29.761614
15.020000 69.191855 -34.237008
15.030000 67.758253 -27.057155
15.040000 71.014212 -34.054996
15.050000 71.893662 -31.396642
15.060000 68.752708 -30.641241
15.070000 70.041824 -30.414244
15.080000 70.355846 -29.453728
15.090000 70.811326 -29.746981
15.100000 69.959469 -29.926794
15.110000 73.546487 -26.465039
15.120000 66.203440 -26.942685
15.130000 69.559821 -23.878386
15.140000 70.196305 -32.712002
15.150000 69.823390 -24.138120
15.160000 65.062251 -26.524490
15.170000 68.591587 -26.122415
15.180000 69.817392 -20.789362
15.190000 68.882137 -27.638368
15.200000 69.575254 -33.260769
15.210000 68.271341 -29.043690
15.220000 70.338993 -30.858262
15.230000 67.040118 -28.121271
15.240000 69.146025 -29.694727
15.250000 72.932099 -21.808399
15.260000 68.937263 -25.367809
15.270000 71.386508 -24.191787
15.280000 68.570557 -33.761188
15.290000 67.374610 -30.708465
15.300000 70.320285 -30.428306
15.310000 69.699945 -27.659160
15.320000 66.355632 -38.477573
15.330000 70.834351 -24.734291
15.340000 67.897967 -29.875710
15.350000 68.958690 -28.540218
15.360000 67.522421 -31.774142
15.370000 72.880489 -39.300742
15.380000 74.302325 -29.845779
15.390000 68.760220 -25.129370
15.400000 68.398035 -31.107219
15.410000 67.389915 -27.154171
15.420000 69.290131 -21.422722
15.430000 67.077914 -28.093845
15.440000 69.082602 -33.127756
15.450000 68.448266 -28.657649
15.460000 69.210945 -35.602963
15.470000 68.524378 -41.897410
15.480000 67.883081 -26.656063
15.490000 72.459427 -31.845245
15.500000 68.246293 -32.347249
15.510000 70.901007 -31.674809
15.520000 68.009926 -24.602121
15.530000 69.713088 -24.995578
15.540000 70.791103 -28.082960
15.550000 71.054763 -24.527175
15.560000 68.649932 -39.882492
15.570000 69.001318 -33.070444
15.580000 70.976991 -30.922320
15.590000 69.743146 -33.368432
15.600000 71.083552 -37.626611
15.610000 70.298602 -26.349022
15.620000 66.434958 -30.076278
15.630000 65.923610 -30.484132
15.640000 68.135063 -31.877796
15.650000 69.919770 -39.572578
15.660000 69.851216 -37.663873
15.670000 73.565450 -34.837028
15.680000 72.804919 -32.475624
15.690000 73.004765 -32.642762
15.700000 64.928812 -31.028109
15.710000 68.781402 -33.741343
15.720000 69.526722 -34.050121
15.730000 70.895950 -28.745519
15.740000 73.811784 -38.028826
15.750000 66.324274 -34.029557
15.760000 69.281890 -33.045109
15.770000 70.697086 -38.035254
15.780000 65.659547 -42.288504
15.790000 67.490011 -41.450837
15.800000 69.743677 -27.021745
15.810000 73.536209 -37.805001
15.820000 67.428761 -32.184703
15.830000 68.337465 -36.340560
15.840000 69.756466 -36.141118
15.850000 71.895748 -32.866974
15.860000 70.428785 -36.562787
15.870000 69.917019 -37.012679
15.880000 69.669604 -36.846021
15.890000 65.756600 -30.552360
15.900000 70.503558 -27.032876
15.910000 70.313052 -32.869907
15.920000 73.689781 -36.287197
15.930000 68.667915 -38.959252
15.940000 70.317977 -41.526021
15.950000 67.193645 -39.169341
15.960000 70.239256 -35.725462
15.970000 68.026614 -37.070999
15.980000 68.487493 -35.697053
15.990000 72.996672 -34.920185
16.000000 67.856624 -31.769457
16.010000 67.756236 -41.201352
16.020000 70.855766 -41.140432
16.030000 67.614197 -41.807058
16.040000 69.706188 -36.130002
16.050000 71.516241 -31.669912
16.060000 68.503966 -32.904774
16.070000 71.625658 -38.681443
16.080000 69.771753 -43.971601
16.090000 66.755128 -35.022585
16.100000 69.276254 -36.698361
16.110000 68.931920 -35.423050
16.120000 70.907069 -43.640866
16.130000 69.834176 -37.103789
16.140000 68.985380 -39.249893
16.150000 69.458289 -36.449761
16.160000 70.732256 -42.301504
16.170000 69.852279 -39.590431
16.180000 69.320529 -37.475039
16.190000 67.537638 -37.562675
16.200000 69.458773 -39.901784
16.210000 70.781331 -30.086341
16.220000 68.308335 -40.870025
16.230000 68.625963 -47.327787
16.240000 70.199065 -40.407130
16.250000 68.781849 -38.189539
16.260000 70.638183 -39.972840
16.270000 71.041363 -45.133453
16.280000 69.699192 -38.208233
16.290000 70.305452 -44.635298
16.300000 70.113113 -47.219753
16.310000 67.845211 -41.253656
16.320000 70.794598 -44.006193
16.330000 66.901853 -41.200906
16.340000 68.574432 -41.850819
16.350000 71.336755 -41.072775
16.360000 69.314607 -39.881347
16.370000 68.095600 -41.404946
16.380000 68.093788 -41.016512
16.390000 70.257625 -37.885844
16.400000 68.424850 -32.047020
16.410000 67.991177 -42.755331
16.420000 71.428326 -36.173438
16.430000 68.970467 -42.509302
16.440000 67.406428 -40.406657
16.450000 64.281748 -39.225269
16.460000 71.968777 -42.166906
16.470000 74.064526 -39.195406
16.480000 70.657630 -42.654743
16.490000 72.671365 -39.206054
16.500000 72.222632 -42.147427
16.510000 70.115029 -32.355990
16.520000 69.192418 -49.796439
16.530000 67.940800 -35.063471
16.540000 67.190713 -42.284042
16.550000 68.585035 -45.995624
16.560000 71.293513 -39.264499
16.570000 72.151848 -41.176166
16.580000 71.363420 -37.057765
16.590000 68.667935 -44.730149
16.600000 70.429000 -43.639141
16.610000 65.791357 -38.631951
16.620000 66.767257 -43.423400
16.630000 67.530453 -38.853264
16.640000 66.604654 -46.134760
16.650000 72.614805 -37.411850
16.660000 69.038373 -39.672242
16.670000 68.464820 -36.332848
16.680000 74.898665 -37.244522
16.690000 68.971152 -42.743688
16.700000 69.995667 -40.205614
16.710000 69.381102 -51.117433
16.720000 71.222489 -49.276478
16.730000 64.760004 -40.803359
16.740000 67.080469 -50.648791
16.750000 71.178083 -44.741042
16.760000 69.841875 -39.737229
16.770000 68.992904 -43.080100
16.780000 68.469421 -46.531757
16.790000 70.766119 -38.793173
16.800000 70.648862 -40.278612
16.810000 69.512131 -50.495083
16.820000 70.826198 -48.564763
16.830000 70.769006 -48.072371
16.840000 74.314299 -45.777654
16.850000 77.542726 -46.640945
16.860000 70.109354 -44.826991
16.870000 72.904398 -43.736998
16.880000 67.952723 -50.922856
16.890000 69.555851 -46.979700
16.900000 70.196258 -46.713878
16.910000 66.648163 -42.655718
16.920000 71.546298 -44.963676
16.930000 69.578837 -44.083927
16.940000 72.420215 -40.331253
16.950000 67.403524 -44.260151
16.960000 70.112893 -46.591305
16.970000 68.683942 -44.241497
16.980000 67.317944 -51.574486
16.990000 67.152568 -44.746765
17.000000 69.682188 -47.578469
17.010000 68.417575 -40.466602
17.020000 69.818224 -51.210901
17.030000 68.492634 -45.373062
17.040000 72.543678 -43.780220
17.050000 66.844708 -41.943521
17.060000 71.650619 -51.324616
17.070000 72.550268 -41.311480
17.080000 68.515275 -45.757266
17.090000 70.921986 -44.881343
17.100000 68.646062 -49.720762
17.110000 67.946629 -47.775384
17.120000 72.849574 -41.797534
17.130000 72.597205 -45.726256
17.140000 69.673406 -44.432844
17.150000 69.757427 -53.824875
17.160000 73.758857 -48.764768
17.170000 70.031009 -52.108149
17.180000 69.337685 -49.031760
17.190000 70.243685 -54.139455
17.200000 71.827033 -51.083734
17.210000 66.670535 -44.349420
17.220000 69.750259 -41.713964
17.230000 68.844538 -41.095829
17.240000 69.722306 -50.552975
17.250000 68.446647 -50.185116
17.260000 64.723461 -43.177164
17.270000 70.363457 -53.186112
17.280000 68.996950 -41.268667
17.290000 70.428804 -43.218866
17.300000 71.554545 -46.326239
17.310000 68.390766 -43.977532
17.320000 69.396690 -50.202210
17.330000 69.793220 -49.777009
17.340000 67.889114 -50.321735
17.350000 69.875481 -47.380330
17.360000 69.447534 -42.642588
17.370000 70.858402 -51.592385
17.380000 68.899085 -48.170822
17.390000 65.146094 -50.302505
17.400000 71.288747 -48.340231
17.410000 66.452678 -47.067668
17.420000 71.932755 -54.467480
17.430000 71.616558 -44.649029
17.440000 69.646759 -51.838612
17.450000 72.589556 -51.553243
17.460000 68.805299 -52.215565
17.470000 67.256413 -51.844652
17.480000 67.904413 -51.528425
17.490000 74.086961 -57.326333
17.500000 71.118502 -50.786589
17.510000 69.748545 -52.933055
17.520000 67.581773 -43.539351
17.530000 72.178294 -53.340568
17.540000 66.659411 -45.079038
17.550000 70.230589 -53.653787
17.560000 68.545876 -49.482890
17.570000 72.807647 -56.776134
17.580000 66.863924 -52.946696
17.590000 72.826853 -51.187465
17.600000 69.386990 -45.142112
17.610000 70.451564 -57.886744
17.620000 69.689940 -52.280307
17.630000 69.147223 -50.636770
17.640000 68.877562 -53.411044
17.650000 70.596633 -43.716095
17.660000 67.748134 -47.695568
17.670000 68.923247 -57.232246
17.680000 67.748360 -50.289528
17.690000 69.095760 -54.872560
17.700000 70.215013 -52.080929
17.710000 68.538703 -44.399916
17.720000 67.215286 -56.384076
17.730000 67.472255 -51.913169
17.740000 69.136259 -50.927481
17.750000 67.604463 -52.920526
17.760000 67.672376 -48.530069
17.770000 68.982059 -54.887656
17.780000 70.595255 -55.418011
17.790000 66.451558 -59.023941
17.800000 69.374058 -59.595290
17.810000 69.622311 -49.488166
17.820000 73.506144 -55.394073
17.830000 69.223218 -56.957877
17.840000 73.081094 -57.633422
17.850000 65.774911 -55.433227
17.860000 70.891750 -54.099791
17.870000 66.812016 -57.202520
17.880000 70.933076 -53.168590
17.890000 68.003669 -52.772434
17.900000 65.526699 -64.044948
17.910000 65.089242 -57.021263
17.920000 68.137975 -59.504215
17.930000 64.995007 -56.342491
17.940000 69.156819 -58.438732
17.950000 69.846123 -59.536328
17.960000 65.478539 -56.625669
17.970000 72.897382 -62.056247
17.980000 68.378697 -63.782951
17.990000 71.767018 -53.475060
18.000000 70.675208 -56.988204
18.010000 68.664180 -51.973718
18.020000 70.165049 -54.542630
18.030000 67.154004 -51.188503
18.040000 69.324481 -54.959600
18.050000 71.250795 -58.910763
18.060000 73.912706 -57.920929
18.070000 69.721466 -51.415791
18.080000 69.622060 -56.434353
18.090000 71.288781 -55.992334
18.100000 68.581705 -58.497184
18.110000 68.018651 -60.800076
18.120000 68.627769 -56.604748
18.130000 73.501557 -56.801364
18.140000 65.837269 -66.641408
18.150000 70.158838 -58.185670
18.160000 71.233526 -53.201013
18.170000 70.924949 -53.524782
18.180000 73.066365 -60.145020
18.190000 71.962478 -56.419181
18.200000 70.168291 -54.339103
18.210000 68.413934 -57.276707
18.220000 71.504257 -58.808536
18.230000 68.065927 -60.722074
18.240000 68.966174 -63.517646
18.250000 71.006372 -67.010787
18.260000 65.289854 -51.821421
18.270000 68.695278 -58.836421
18.280000 69.414285 -61.501369
18.290000 74.195671 -63.763382
18.300000 71.169321 -63.774165
18.310000 69.620345 -60.429153
18.320000 68.859339 -57.163743
18.330000 65.768001 -65.388001
18.340000 67.758828 -53.818612
18.350000 71.100486 -59.983664
18.360000 73.204002 -60.291664
18.370000 69.240386 -62.690238
18.380000 72.656920 -60.412292
18.390000 69.305823 -60.604469
18.400000 68.379766 -65.779131
18.410000 69.523016 -62.221691
18.420000 69.816376 -62.110571
18.430000 72.792318 -64.789066
18.440000 67.054080 -67.534325
18.450000 72.989995 -56.361614
18.460000 71.143288 -59.964893
18.470000 68.431486 -57.099356
18.480000 71.946631 -57.645218
18.490000 67.900102 -66.531860
18.500000 72.502449 -59.527070
18.510000 71.034220 -54.344339
18.520000 69.064292 -61.833933
18.530000 68.753823 -52.167176
18.540000 68.692054 -63.754543
18.550000 71.615146 -57.073657
18.560000 70.202529 -58.499564
18.570000 71.562848 -66.396931
18.580000 72.349977 -63.830363
18.590000 70.235877 -56.500865
18.600000 70.155228 -71.368273
18.610000 70.587855 -59.133827
18.620000 71.866249 -64.913855
18.630000 70.855102 -67.936272
18.640000 69.163948 -57.803656
18.650000 70.836735 -66.703639
18.660000 70.437969 -68.034719
18.670000 69.312650 -60.024507
18.680000 68.606192 -57.507853
18.690000 71.196315 -67.485483
18.700000 72.252085 -61.923523
18.710000 68.375206 -65.717433
18.720000 71.184222 -59.142268
18.730000 71.497459 -62.616191
18.740000 66.885524 -61.274641
18.750000 70.305169 -61.320891
18.760000 68.650833 -64.082818
18.770000 66.687513 -69.557297
18.780000 70.809178 -62.636464
18.790000 67.127964 -63.762483
18.800000 70.505473 -65.957108
18.810000 73.006733 -62.737618
18.820000 69.831694 -65.803825
18.830000 71.978810 -67.173949
18.840000 74.764785 -67.013121
18.850000 68.062327 -64.203865
18.860000 70.857706 -66.653602
18.870000 69.626855 -63.266946
18.880000 70.075033 -64.626023
18.890000 68.706168 -70.438598
18.900000 67.441083 -58.094661
18.910000 72.256593 -65.834996
18.920000 69.948792 -71.516537
18.930000 73.000871 -58.257463
18.940000 67.591976 -73.078113
18.950000 68.479032 -65.540251
18.960000 67.074303 -62.317378
18.970000 71.859741 -59.461140
18.980000 70.466045 -68.712345
18.990000 68.133047 -65.214552
19.000000 70.155193 -64.535594
19.010000 70.172863 -65.420969
19.020000 67.708359 -68.238775
19.030000 69.827423 -63.289330
19.040000 68.912853 -63.921326
19.050000 68.734669 -63.963526
19.060000 68.425475 -68.723317
19.070000 72.005981 -71.230955
19.080000 69.611513 -67.183482
19.090000 71.225873 -65.367891
19.100000 69.459361 -64.114572
19.110000 71.371833 -67.107514
19.120000 68.125008 -66.134556
19.130000 67.573299 -67.059274
19.140000 69.759516 -65.596711
19.150000 68.642885 -73.244416
19.160000 68.526965 -60.453367
19.170000 70.494785 -64.245861
19.180000 67.992068 -62.325635
19.190000 72.063877 -68.086921
19.200000 69.505972 -69.292233
19.210000 70.383110 -66.444525
19.220000 66.747627 -76.236089
19.230000 71.276645 -65.634171
19.240000 72.672813 -66.647352
19.250000 70.038014 -62.753482
19.260000 70.111902 -70.885388
19.270000 69.938738 -68.543852
19.280000 71.394550 -68.356729
19.290000 73.687260 -62.010751
19.300000 67.132895 -70.498919
19.310000 69.316998 -76.122545
19.320000 71.649202 -74.025451
19.330000 67.634504 -64.280588
19.340000 72.516480 -68.611198
19.350000 71.701588 -72.296744
19.360000 68.308019 -74.896224
19.370000 66.008128 -58.313059
19.380000 71.012555 -70.443744
19.390000 72.462797 -75.213679
19.400000 69.041454 -71.810438
19.410000 70.405272 -66.068884
19.420000 67.761190 -65.385637
19.430000 69.367114 -66.118214
19.440000 65.177632 -74.803614
19.450000 70.850736 -73.836420
19.460000 69.513909 -64.280676
19.470000 68.358697 -74.584355
19.480000 68.592378 -79.297928
19.490000 68.249530 -76.074948
19.500000 71.060367 -66.204608
19.510000 68.594309 -67.806471
19.520000 69.733698 -76.927864
19.530000 69.895241 -69.872015
19.540000 69.047983 -74.857293
19.550000 71.500754 -75.702323
19.560000 70.450877 -75.244215
19.570000 67.270996 -71.016326
19.580000 69.666118 -74.729170
19.590000 73.373199 -75.468912
19.600000 69.879110 -70.030580
19.610000 75.078581 -77.285547
19.620000 68.927695 -72.068258
19.630000 70.377395 -72.805747
19.640000 71.812721 -71.943328
19.650000 68.396233 -72.822742
19.660000 70.102407 -72.112598
19.670000 67.976418 -71.984129
19.680000 68.906995 -74.111779
19.690000 68.867356 -77.564953
19.700000 68.537654 -79.933408
19.710000 68.866552 -67.471621
19.720000 66.676886 -73.055418
19.730000 68.210597 -70.821480
19.740000 68.791693 -74.131629
19.750000 69.833304 -73.937435
19.760000 65.114964 -75.149276
19.770000 70.449777 -71.645594
19.780000 64.792407 -69.781790
19.790000 65.462353 -79.116700
19.800000 67.992871 -81.743256
19.810000 69.665973 -77.358068
19.820000 68.156974 -81.410511
19.830000 70.236579 -75.232154
19.840000 68.097329 -70.813692
19.850000 72.720013 -72.491003
19.860000 64.708144 -71.191696
19.870000 71.625377 -81.057514
19.880000 64.499317 -78.323994
19.890000 66.277753 -78.801351
19.900000 67.274540 -71.174624
19.910000 73.349922 -73.950492
19.920000 66.354199 -74.522111
19.930000 70.515635 -77.234739
19.940000 72.027959 -78.581502
19.950000 70.825129 -71.452420
19.960000 71.775422 -86.352012
19.970000 69.808352 -77.205705
19.980000 70.400782 -79.974553
19.990000 71.953273 -77.140384
20.000000 71.456010 -79.099916
20.010000 68.970765 -79.091378
20.020000 67.790948 -71.198602
20.030000 65.891885 -80.877553
20.040000 71.314350 -77.863548
20.050000 66.273917 -84.934766
20.060000 70.643381 -74.377394
20.070000 69.952021 -77.583015
20.080000 70.085480 -73.970217
20.090000 66.654113 -73.234838
20.100000 66.091816 -70.103872
20.110000 66.884197 -85.494468
20.120000 68.360566 -69.436793
20.130000 67.048031 -75.292107
20.140000 68.705594 -71.592586
20.150000 67.539953 -73.399944
20.160000 69.289202 -81.327574
20.170000 68.412545 -72.533017
20.180000 66.357752 -80.780191
20.190000 70.622051 -89.592706
20.200000 68.789194 -76.899123
20.210000 69.120486 -79.343012
20.220000 70.625159 -76.281825
20.230000 70.245637 -78.455716
20.240000 65.933639 -73.333775
20.250000 67.760237 -71.307865
20.260000 67.171946 -79.508912
20.270000 68.034572 -81.018692
20.280000 70.880907 -81.829362
20.290000 73.177838 -80.744648
20.300000 70.744307 -79.096735
20.310000 67.144475 -81.452044
20.320000 69.404207 -77.429913
20.330000 70.317512 -81.427232
20.340000 68.218886 -78.516216
20.350000 66.739853 -83.091617
20.360000 67.358941 -75.372214
20.370000 67.219513 -79.783113
20.380000 68.606701 -78.805871
20.390000 68.979923 -78.593048
20.400000 66.617939 -84.706886
20.410000 68.118496 -78.761905
20.420000 72.190426 -79.487921
20.430000 64.951665 -79.752276
20.440000 69.568281 -79.260898
20.450000 69.768483 -75.706273
20.460000 68.708929 -79.816150
20.470000 70.923768 -78.333344
20.480000 67.760117 -71.813557
20.490000 66.125285 -74.090641
20.500000 65.799314 -71.908248
20.510000 68.225181 -72.422589
20.520000 72.525938 -80.394322
20.530000 71.135852 -81.548182
20.540000 66.334020 -80.041920
20.550000 73.618550 -85.029856
20.560000 66.718088 -90.226020
20.570000 66.184935 -85.041570
20.580000 69.446510 -83.988783
20.590000 69.315961 -82.260381
20.600000 69.453511 -82.316423
20.610000 69.042200 -79.893212
20.620000 70.348476 -78.215690
20.630000 70.770591 -84.671743
20.640000 70.708621 -69.777961
20.650000 71.455031 -81.684767
20.660000 66.330856 -81.773106
20.670000 71.148283 -82.016736
20.680000 70.162501 -80.489379
20.690000 69.024175 -79.102988
20.700000 68.420898 -85.743202
20.710000 71.088100 -83.821055
20.720000 68.578673 -79.859759
20.730000 69.836330 -83.102648
20.740000 70.931777 -81.031268
20.750000 69.599105 -86.104415
20.760000 71.578029 -92.696586
20.770000 67.786779 -82.571323
20.780000 68.505654 -89.565556
20.790000 68.954786 -84.245547
20.800000 70.463576 -89.118491
20.810000 66.348098 -83.928450
20.820000 70.026535 -88.594041
20.830000 67.507628 -84.457843
20.840000 71.360629 -86.261826
20.850000 72.206078 -75.405131
20.860000 71.361372 -87.197661
20.870000 72.512725 -83.881977
20.880000 70.083331 -87.243326
20.890000 71.165658 -83.521111
20.900000 62.793515 -75.909141
20.910000 68.952230 -84.023282
20.920000 71.576004 -87.887084
20.930000 69.813354 -79.160847
20.940000 70.150121 -76.238581
20.950000 72.280776 -82.999285
20.960000 70.244575 -82.958940
20.970000 71.287868 -84.959855
20.980000 67.690093 -91.227869
20.990000 69.900827 -81.515404
21.000000 67.449323 -84.277712
21.010000 67.073272 -80.121516
21.020000 70.405885 -88.340508
21.030000 69.023237 -82.909739
21.040000 65.131565 -81.375497
21.050000 70.253358 -86.727449
21.060000 67.468585 -85.877781
21.070000 70.810670 -92.528451
21.080000 69.614178 -83.022683
21.090000 68.051891 -90.528499
21.100000 68.951810 -80.573051
21.110000 69.443238 -89.133445
21.120000 66.365831 -81.534480
21.130000 68.918962 -82.558868
21.140000 69.879636 -81.039961
21.150000 67.946915 -88.393433
21.160000 69.615428 -87.585571
21.170000 68.639852 -92.005618
21.180000 71.847383 -88.731972
21.190000 71.611724 -85.389570
21.200000 68.569502 -88.247225
21.210000 73.073819 -83.104384
21.220000 68.466451 -87.120790
21.230000 70.372968 -93.105106
21.240000 68.323819 -89.744990
21.250000 69.870803 -90.183791
21.260000 65.980571 -92.855518
21.270000 69.237383 -93.276455
21.280000 66.975638 -89.862908
21.290000 70.424969 -84.350275
21.300000 71.829062 -91.332729
21.310000 67.413037 -93.077681
21.320000 69.676946 -90.068517
21.330000 69.133863 -88.026986
21.340000 68.657657 -92.221767
21.350000 69.147727 -80.879059
21.360000 68.781252 -84.762450
21.370000 69.057360 -90.235983
21.380000 66.061678 -89.990091
21.390000 71.795784 -89.881958
21.400000 71.368861 -96.578291
21.410000 72.492549 -89.120914
21.420000 68.531249 -92.574153
21.430000 69.423738 -93.326258
21.440000 68.881971 -89.976489
21.450000 70.652656 -85.511079
21.460000 71.980639 -97.518087
21.470000 71.238913 -84.836630
21.480000 69.838850 -95.372047
21.490000 70.718554 -88.792881
21.500000 68.443860 -86.548610
21.510000 71.675981 -90.431508
21.520000 69.439294 -96.180109
21.530000 72.194204 -87.714795
21.540000 69.969572 -86.809803
21.550000 72.085654 -98.858596
21.560000 69.988161 -83.762317
21.570000 72.855576 -96.423705
21.580000 72.718207 -94.476500
21.590000 68.163129 -93.658766
21.600000 72.182739 -98.754139
21.610000 70.289685 -95.150227
21.620000 68.354209 -90.937335
21.630000 68.012001 -87.864749
21.640000 69.050897 -95.551968
21.650000 69.441892 -97.351299
21.660000 72.277260 -90.033377
21.670000 68.910383 -89.754891
21.680000 68.826375 -90.227954
21.690000 70.360552 -90.663427
21.700000 70.895356 -97.256192
21.710000 71.472316 -91.056459
21.720000 67.001189 -89.200754
21.730000 70.144345 -87.865614
21.740000 65.014267 -94.343522
21.750000 72.529784 -89.794071
21.760000 69.258029 -94.453172
21.770000 68.852135 -91.944313
21.780000 70.691710 -100.029405
21.790000 70.617000 -97.013263
21.800000 67.466797 -93.267868
21.810000 68.447387 -98.106261
21.820000 71.009087 -92.781894
21.830000 71.838549 -88.446309
21.840000 67.457649 -93.651949
21.850000 69.416285 -91.399851
21.860000 72.804194 -92.098819
21.870000 70.572219 -92.093179
21.880000 68.134672 -96.422343
21.890000 68.047033 -101.597888
21.900000 71.786738 -91.102978
21.910000 70.116576 -87.852016
21.920000 69.944457 -90.966689
21.930000 68.098855 -100.314612
21.940000 69.479051 -94.180429
21.950000 68.589726 -90.539971
21.960000 67.193599 -89.200626
21.970000 70.810403 -87.887663
21.980000 67.633021 -96.206483
21.990000 66.513642 -99.077821
22.000000 70.133773 -86.790231
22.010000 70.881574 -94.944178
22.020000 70.990517 -93.010186
22.030000 69.324012 -97.223817
22.040000 71.089123 -98.988432
22.050000 72.564934 -90.109955
22.060000 69.520453 -99.660765
22.070000 69.176613 -98.654650
22.080000 65.973884 -106.989322
22.090000 65.986333 -84.526231
22.100000 70.401215 -98.562429
22.110000 70.771412 -97.227078
22.120000 66.266631 -93.367616
22.130000 68.942631 -99.612683
22.140000 67.357156 -94.894830
22.150000 69.226776 -91.389703
22.160000 70.706954 -95.075334
22.170000 68.016928 -93.549525
22.180000 65.616812 -96.232364
22.190000 70.215454 -96.896515
22.200000 71.875986 -110.381009
22.210000 67.026468 -96.516191
22.220000 70.113976 -100.727186
22.230000 67.831348 -97.661978
22.240000 69.042625 -98.734472
22.250000 70.196118 -106.011730
22.260000 70.796264 -105.630440
22.270000 70.948371 -98.206042
22.280000 74.785395 -97.571694
22.290000 72.254788 -93.021375
22.300000 67.627506 -102.027089
22.310000 67.358158 -103.979964
22.320000 68.206146 -94.714580
22.330000 71.448591 -97.037051
22.340000 71.041444 -103.631218
22.350000 72.160582 -99.322413
22.360000 71.037129 -102.048641
22.370000 69.609718 -96.593061
22.380000 68.068393 -98.024587
22.390000 69.857784 -100.217904
22.400000 72.206582 -93.022105
22.410000 67.066524 -100.611917
22.420000 70.723304 -101.125458
22.430000 67.308998 -103.359014
22.440000 68.184402 -106.205706
22.450000 72.397803 -100.549339
22.460000 71.085083 -103.552070
22.470000 67.698944 -99.578485
22.480000 70.966218 -97.532414
22.490000 70.276739 -101.582834
22.500000 67.770512 -102.302338
22.510000 69.764681 -96.737251
22.520000 69.759294 -104.547018
22.530000 68.856191 -104.876930
22.540000 71.616072 -103.768014
22.550000 69.766165 -95.861096
22.560000 71.698455 -97.259067
22.570000 73.194282 -100.772832
22.580000 69.019677 -93.761779
22.590000 68.344233 -100.770038
22.600000 65.348734 -93.917041
22.610000 68.131428 -99.226628
22.620000 70.337179 -102.892909
22.630000 70.601586 -102.825151
22.640000 70.425434 -98.543669
22.650000 72.339165 -109.131319
22.660000 70.252879 -98.867697
22.670000 68.479608 -102.710590
22.680000 70.624815 -107.063977
22.690000 65.831057 -101.028722
22.700000 66.301918 -98.760249
22.710000 69.040425 -95.827035
22.720000 71.945001 -95.704959
22.730000 69.505262 -112.277741
22.740000 69.210870 -95.176964
22.750000 70.838935 -99.451945
22.760000 67.779049 -102.407495
22.770000 68.865150 -104.632607
22.780000 68.620445 -101.097247
22.790000 67.914715 -110.033820
22.800000 68.256076 -104.077733
22.810000 69.495383 -101.515000
22.820000 68.789190 -109.480577
22.830000 67.900302 -103.799022
22.840000 69.049997 -99.815865
22.850000 71.869947 -102.206329
22.860000 66.686791 -104.033062
22.870000 68.598684 -104.450644
22.880000 67.714926 -102.991512
22.890000 68.025422 -100.088098
22.900000 69.815621 -109.209718
22.910000 69.260944 -110.569586
22.920000 67.900793 -98.292248
22.930000 71.031399 -110.634419
22.940000 69.579393 -108.184544
22.950000 67.590784 -98.460828
22.960000 67.146651 -100.850393
22.970000 66.286225 -100.630530
22.980000 68.609971 -103.508436
22.990000 73.228959 -107.490342
23.000000 69.025811 -110.504655
23.010000 69.089072 -103.838010
23.020000 70.128650 -98.769489
23.030000 69.389699 -117.216306
23.040000 71.120468 -100.807951
23.050000 67.752814 -110.483125
23.060000 72.234059 -115.017892
23.070000 69.110524 -104.645719
23.080000 70.569173 -103.288022
23.090000 69.726762 -108.693293
23.100000 70.011494 -106.108155
23.110000 67.067399 -98.415434
23.120000 69.882457 -99.476633
23.130000 70.634240 -107.116912
23.140000 71.491940 -115.025284
23.150000 70.820260 -104.834017
23.160000 71.154999 -102.441196
23.170000 65.626475 -108.148554
23.180000 66.643079 -103.484350
23.190000 68.375493 -109.479093
23.200000 66.258991 -118.838564
23.210000 70.229097 -104.090409
23.220000 66.803200 -108.626293
23.230000 69.534615 -108.509266
23.240000 65.400135 -108.011948
23.250000 67.888175 -109.589069
23.260000 67.932355 -104.815515
23.270000 72.068583 -102.407162
23.280000 70.409680 -101.187562
23.290000 67.063761 -105.193853
23.300000 68.995266 -102.034692
23.310000 68.727837 -111.164531
23.320000 72.888516 -112.398149
23.330000 69.749674 -110.198760
23.340000 68.990354 -115.829311
23.350000 72.758610 -114.910259
23.360000 68.684909 -112.405685
23.370000 70.557963 -107.721714
23.380000 68.365722 -112.589830
23.390000 69.483315 -111.918615
23.400000 70.091442 -110.860625
23.410000 69.456589 -109.957977
23.420000 68.588081 -116.633611
23.430000 69.043823 -108.288688
23.440000 68.116882 -111.402672
23.450000 71.962591 -115.708032
23.460000 70.220122 -110.554450
23.470000 70.221141 -104.550247
23.480000 65.931959 -110.541596
23.490000 69.759262 -107.717579
23.500000 68.799846 -100.790802
23.510000 69.232560 -110.820356
23.520000 70.803069 -108.316317
23.530000 69.849658 -113.057330
23.540000 70.416404 -112.643540
23.550000 67.287530 -112.429819
23.560000 69.814924 -107.271923
23.570000 67.141511 -109.698421
23.580000 67.119661 -106.881782
23.590000 71.509884 -112.056170
23.600000 69.341977 -111.250448
23.610000 66.523978 -108.928747
23.620000 71.193425 -114.029194
23.630000 71.242990 -115.911612
23.640000 66.436501 -116.240210
23.650000 66.455568 -107.039278
23.660000 65.721918 -111.524859
23.670000 71.857222 -108.591845
23.680000 69.049349 -119.894181
23.690000 68.327923 -115.294928
23.700000 69.184241 -113.357292
23.710000 69.511825 -108.607134
23.720000 74.169556 -107.035352
23.730000 70.065622 -111.067872
23.740000 67.691096 -118.100342
23.750000 68.683398 -112.056620
23.760000 71.219943 -110.185009
23.770000 70.495038 -113.909812
23.780000 71.970089 -109.347916
23.790000 70.130442 -107.169983
23.800000 69.508451 -117.282740
23.810000 63.237746 -110.777739
23.820000 69.997205 -122.025660
23.830000 66.576787 -110.261876
23.840000 71.342326 -114.874977
23.850000 71.267754 -114.591577
23.860000 66.739128 -109.902854
23.870000 69.824320 -113.969854
23.880000 70.660696 -122.708712
23.890000 65.032054 -107.571482
23.900000 71.216339 -116.378090
23.910000 68.392659 -115.836578
23.920000 68.459697 -118.095241
23.930000 70.256638 -120.395010
23.940000 67.535403 -111.565391
23.950000 69.166714 -110.795311
23.960000 70.343545 -104.193257
23.970000 68.179926 -114.134519
23.980000 68.514281 -116.970851
23.990000 68.439153 -119.868888
24.000000 70.870204 -119.383272
24.010000 72.435415 -108.637229
24.020000 70.844395 -115.686231
24.030000 70.613584 -118.457249
24.040000 67.617338 -113.194010
24.050000 70.593623 -114.663978
24.060000 69.050385 -114.329346
24.070000 68.807345 -112.512835
24.080000 68.842195 -117.004305
24.090000 68.646782 -118.275137
24.100000 70.439886 -115.755819
24.110000 68.736778 -111.190469
24.120000 70.240023 -115.132965
24.130000 73.110731 -110.000441
24.140000 69.229782 -113.717380
24.150000 68.220972 -110.639142
24.160000 69.918719 -114.219217
24.170000 68.493103 -121.418634
24.180000 70.582344 -115.903295
24.190000 64.376028 -113.293256
24.200000 69.010436 -114.752445
24.210000 73.220567 -115.545240
24.220000 66.785081 -123.910019
24.230000 69.327083 -116.693032
24.240000 68.890909 -111.526046
24.250000 69.066571 -118.866339
24.260000 73.904217 -121.222674
24.270000 68.312564 -118.379670
24.280000 69.689533 -122.838427
24.290000 67.699514 -120.442648
24.300000 70.766272 -123.379007
24.310000 70.236103 -118.085785
24.320000 68.332709 -107.786227
24.330000 69.706331 -125.849263
24.340000 69.315369 -111.891385
24.350000 72.883617 -118.751212
24.360000 71.081109 -119.556104
24.370000 67.308287 -125.199223
24.380000 68.221940 -116.096878
24.390000 71.423723 -124.856016
24.400000 71.215097 -117.903271
24.410000 71.201814 -120.379838
24.420000 67.927328 -119.591496
24.430000 71.902917 -126.951986
24.440000 71.633426 -128.501122
24.450000 67.735806 -118.558566
24.460000 68.003916 -121.238231
24.470000 68.707643 -122.269140
24.480000 67.351347 -115.357140
24.490000 68.442354 -115.216420
24.500000 73.847368 -118.513122
24.510000 67.902285 -117.822382
24.520000 67.658512 -115.954084
