0.000000 -2.183552 -4.166413
0.010000 -0.339776 5.535855
0.020000 7.229734 -14.858519
0.030000 9.255268 -4.889382
0.040000 6.778473 12.389312
0.050000 0.817162 6.502612
0.060000 18.890555 19.330582
0.070000 9.913050 1.733739
0.080000 -0.268240 20.060416
0.090000 8.563881 16.658802
0.100000 17.354046 16.099835
0.110000 27.898882 13.658058
0.120000 10.322766 12.505216
0.130000 23.060210 18.383202
0.140000 13.876225 18.733974
0.150000 8.831575 20.784947
0.160000 13.885936 17.045051
0.170000 5.105048 12.127241
0.180000 11.868443 22.232852
0.190000 3.549933 23.940613
0.200000 2.459923 29.548488
0.210000 -7.147682 2.743087
0.220000 6.055336 16.778594
0.230000 27.088919 36.977643
0.240000 -3.306269 29.301882
0.250000 10.435033 39.638152
0.260000 18.977317 38.635123
0.270000 31.386057 39.843099
0.280000 29.102948 23.602927
0.290000 19.730005 31.270133
0.300000 29.049548 26.487247
0.310000 20.760902 46.472140
0.320000 19.272336 32.924735
0.330000 20.562021 57.909883
0.340000 33.063001 54.687914
0.350000 23.723669 35.753865
0.360000 29.584719 53.591658
0.370000 37.162724 32.859472
0.380000 28.955206 46.572343
0.390000 35.067489 24.566962
0.400000 36.208958 32.457823
0.410000 14.325913 55.913664
0.420000 21.059778 52.355330
0.430000 20.146312 48.296744
0.440000 33.262746 60.666378
0.450000 50.224010 76.968777
0.460000 25.084339 48.192410
0.470000 40.084814 55.143705
0.480000 26.378602 35.804447
0.490000 38.202730 47.355597
0.500000 50.222637 64.169788
0.510000 31.159141 43.911954
0.520000 32.701433 70.389205
0.530000 38.651722 64.719723
0.540000 20.647553 68.280104
0.550000 32.178068 69.875142
0.560000 23.112003 67.188485
0.570000 43.919477 86.846505
0.580000 28.337160 74.711560
0.590000 42.150673 53.538834
0.600000 49.340433 84.685579
0.610000 42.916044 88.974073
0.620000 50.068144 63.291036
0.630000 37.157870 65.088113
0.640000 48.114384 60.079458
0.650000 58.674544 81.453610
0.660000 51.461041 81.886859
0.670000 49.361089 86.201533
0.680000 43.872214 62.345441
0.690000 46.763221 80.896092
0.700000 54.262519 57.301341
0.710000 32.983047 98.022112
0.720000 47.877620 85.696840
0.730000 55.873949 97.235300
0.740000 38.338684 82.966325
0.750000 44.641460 81.493695
0.760000 70.458596 84.076347
0.770000 46.712265 96.466432
0.780000 46.458759 82.474862
0.790000 66.161583 103.275050
0.800000 64.047629 91.278646
0.810000 53.956272 102.527085
0.820000 47.463731 88.541444
0.830000 54.822161 87.204095
0.840000 61.757356 110.595116
0.850000 67.454916 99.544924
0.860000 59.160366 78.369155
0.870000 48.972161 93.523785
0.880000 58.689057 107.317164
0.890000 53.535691 116.207043
0.900000 59.475514 107.966276
0.910000 67.761271 111.318107
0.920000 67.622979 110.021846
0.930000 64.878821 118.341235
0.940000 58.690710 100.037044
0.950000 61.417164 99.676585
0.960000 72.307206 129.081554
0.970000 60.917894 122.234298
0.980000 77.812085 93.993530
0.990000 79.957416 131.920164
1.000000 62.271307 114.216083
1.010000 66.019299 116.000415
1.020000 68.883727 113.663713
1.030000 63.970730 130.865049
1.040000 76.968479 118.734449
1.050000 47.739573 121.047815
1.060000 77.910838 110.058577
1.070000 58.614271 127.786017
1.080000 59.025368 113.190625
1.090000 76.393415 130.266326
1.100000 82.660803 128.861771
1.110000 93.358680 125.528407
1.120000 84.744931 129.201345
1.130000 78.204561 136.545666
1.140000 77.026789 125.946370
1.150000 75.536856 139.923698
1.160000 59.832791 122.585205
1.170000 82.797722 133.216556
1.180000 67.005941 121.023970
1.190000 81.666935 150.646776
1.200000 65.273398 131.877906
1.210000 81.639053 136.287922
1.220000 86.603804 127.518465
1.230000 84.798782 134.566294
1.240000 61.718409 129.074911
1.250000 99.627102 139.109536
1.260000 73.824761 142.228604
1.270000 90.661345 129.792586
1.280000 84.719375 134.123394
1.290000 95.637641 125.490627
1.300000 99.190475 165.301699
1.310000 79.169953 150.735793
1.320000 102.538798 146.301177
1.330000 86.401420 156.900976
1.340000 83.218850 158.050720
1.350000 92.175390 164.828438
1.360000 100.402964 144.415573
1.370000 101.438371 159.327678
1.380000 83.656903 161.938995
1.390000 88.279429 158.791904
1.400000 95.641441 170.699925
1.410000 115.720349 175.150056
1.420000 104.804154 171.181451
1.430000 114.146077 156.812824
1.440000 113.884174 156.690078
1.450000 99.790895 175.273231
1.460000 102.419183 179.862823
1.470000 92.772231 169.426662
1.480000 111.942495 168.211068
1.490000 104.651332 164.958943
1.500000 106.566166 161.660078
1.510000 100.429386 171.016371
1.520000 98.972666 160.272374
1.530000 101.199524 180.616897
1.540000 121.177319 173.802751
1.550000 103.662565 159.356304
1.560000 90.961720 170.727931
1.570000 114.564429 183.439784
1.580000 105.183555 173.027319
1.590000 110.041428 173.383688
1.600000 108.763188 203.699247
1.610000 100.804066 179.189324
1.620000 114.354451 191.964392
1.630000 117.731924 204.502219
1.640000 102.212134 175.093147
1.650000 86.982445 175.731978
1.660000 107.930128 167.119662
1.670000 108.052905 189.343404
1.680000 99.430626 186.337619
1.690000 96.746278 190.606447
1.700000 111.867662 193.603053
1.710000 128.647511 194.901016
1.720000 126.944431 195.050496
1.730000 155.358294 178.730088
1.740000 135.205032 188.677391
1.750000 115.837786 200.410598
1.760000 126.645626 211.016575
1.770000 129.893803 175.944163
1.780000 139.992135 219.067231
1.790000 129.996024 208.101815
1.800000 132.056137 204.838233
1.810000 138.758439 194.955691
1.820000 125.371462 211.677187
1.830000 136.604713 200.249492
1.840000 133.927384 205.254623
1.850000 127.814358 223.818100
1.860000 116.827069 206.066674
1.870000 119.170253 199.710525
1.880000 129.691922 222.639015
1.890000 124.042142 200.214887
1.900000 131.667343 222.095609
1.910000 131.806853 218.508709
1.920000 137.924348 207.937718
1.930000 143.789256 216.252271
1.940000 131.343525 223.719551
1.950000 143.252445 222.215894
1.960000 124.104638 218.743606
1.970000 138.676649 207.853038
1.980000 140.313502 227.055200
1.990000 138.337497 191.766068
2.000000 145.021741 224.646844
2.010000 154.317110 215.285470
2.020000 137.905331 228.920908
2.030000 145.524140 242.813806
2.040000 141.400766 218.684721
2.050000 143.595510 212.122791
2.060000 150.237645 229.315660
2.070000 148.250915 230.067079
2.080000 124.905833 226.726475
2.090000 126.932379 245.872274
2.100000 157.698052 223.622037
2.110000 160.342767 236.032425
2.120000 153.434219 246.379982
2.130000 125.801328 242.168669
2.140000 156.025278 240.942336
2.150000 152.358046 244.007817
2.160000 152.189228 222.107732
2.170000 137.893926 237.223401
2.180000 158.653035 240.134468
2.190000 131.991877 234.897313
2.200000 149.855079 243.940170
2.210000 147.247939 243.465128
2.220000 154.179460 239.032613
2.230000 162.892663 229.356447
2.240000 144.917804 248.106461
2.250000 160.949283 234.092694
2.260000 153.949080 263.538187
2.270000 163.972447 257.927702
2.280000 177.667024 240.623988
2.290000 142.449374 240.170202
2.300000 159.007225 264.278414
2.310000 169.944286 268.413511
2.320000 162.239438 267.618554
2.330000 158.372174 248.528961
2.340000 167.267529 265.091014
2.350000 178.880789 263.858640
2.360000 168.321825 269.580254
2.370000 168.976328 263.793466
2.380000 167.454852 259.811757
2.390000 168.225337 277.727530
2.400000 180.660347 263.850182
2.410000 177.723543 248.865602
2.420000 170.737519 269.126615
2.430000 179.006684 255.434016
2.440000 167.324706 244.813787
2.450000 167.608444 269.485982
2.460000 154.382615 272.785190
2.470000 167.887482 274.270985
2.480000 173.815211 258.805532
2.490000 162.005949 252.991685
2.500000 180.748367 263.218655
2.510000 169.962531 261.231467
2.520000 196.500156 262.141250
2.530000 172.025823 269.210697
2.540000 177.418304 293.531951
2.550000 175.754265 273.761256
2.560000 177.990219 259.504255
2.570000 174.999136 299.576309
2.580000 179.341952 271.808465
2.590000 191.231581 274.861902
2.600000 165.308441 280.309505
2.610000 167.111868 288.718961
2.620000 163.307275 295.313805
2.630000 188.017340 275.752077
2.640000 182.788115 275.707847
2.650000 176.619512 285.265255
2.660000 197.285893 296.885674
2.670000 190.620121 287.636950
2.680000 190.347622 272.250596
2.690000 188.395771 287.235487
2.700000 181.988388 287.619399
2.710000 170.593161 281.393917
2.720000 203.937200 287.565341
2.730000 197.888290 265.082478
2.740000 195.730000 286.010670
2.750000 192.903979 299.549684
2.760000 201.540491 295.632618
2.770000 193.876118 305.261119
2.780000 189.785680 290.793413
2.790000 187.727106 312.979043
2.800000 186.845797 298.824476
2.810000 193.105762 310.339795
2.820000 196.696225 316.544139
2.830000 198.554988 292.587142
2.840000 206.186152 303.631025
2.850000 185.240254 309.168979
2.860000 207.576700 316.535420
2.870000 191.974493 310.319563
2.880000 211.394699 303.065613
2.890000 215.774506 310.927777
2.900000 196.430343 292.670335
2.910000 194.070057 304.536554
2.920000 204.202111 328.657825
2.930000 205.571904 319.606263
2.940000 202.857441 311.510301
2.950000 214.394148 311.547227
2.960000 206.242728 297.184675
2.970000 200.770551 327.134451
2.980000 207.116596 306.733496
2.990000 205.532501 318.612698
3.000000 213.836214 311.478708
3.010000 193.431489 315.474119
3.020000 214.358681 306.870020
3.030000 192.486370 338.830628
3.040000 210.237224 309.098730
3.050000 212.873481 317.786285
3.060000 201.325059 304.351838
3.070000 216.676401 321.668963
3.080000 214.603636 314.666794
3.090000 205.534075 339.089898
3.100000 221.587335 310.858151
3.110000 213.503653 333.497136
3.120000 212.910149 334.378110
3.130000 215.149945 317.743374
3.140000 222.176253 329.349930
3.150000 209.103634 336.639773
3.160000 224.844258 340.171857
3.170000 210.678940 336.572612
3.180000 220.442550 353.979404
3.190000 210.600799 326.528856
3.200000 213.714252 318.899692
3.210000 213.140759 342.405933
3.220000 218.034381 325.289091
3.230000 211.279118 334.584593
3.240000 227.712999 337.350031
3.250000 216.545010 330.813579
3.260000 221.888832 344.428710
3.270000 219.232277 336.691874
3.280000 237.624132 354.915011
3.290000 209.288665 341.525054
3.300000 244.062220 343.544452
3.310000 220.986934 342.053666
3.320000 219.266775 348.517497
3.330000 224.612385 343.675275
3.340000 223.669145 349.341747
3.350000 232.802552 341.151874
3.360000 220.364652 344.048068
3.370000 233.887433 350.156429
3.380000 222.328464 374.161748
3.390000 233.965928 362.428882
3.400000 250.766008 349.044639
3.410000 228.191792 348.187205
3.420000 241.527726 359.043685
3.430000 232.435927 345.349688
3.440000 227.876690 361.018990
3.450000 233.995157 340.963160
3.460000 233.793410 356.207933
3.470000 243.928426 350.636300
3.480000 255.387743 353.543526
3.490000 252.735724 350.890398
3.500000 241.066483 365.311725
3.510000 246.852637 369.750275
3.520000 240.880900 356.106971
3.530000 258.847574 344.991384
3.540000 237.665752 377.222588
3.550000 223.605283 355.130067
3.560000 235.205260 366.683095
3.570000 244.135473 375.879240
3.580000 260.809755 377.849313
3.590000 260.273551 355.870603
3.600000 251.364015 380.234410
3.610000 242.787846 357.948431
3.620000 246.813876 356.490950
3.630000 261.859711 367.578294
3.640000 243.291776 365.785952
3.650000 239.738171 366.222297
3.660000 245.504461 384.670320
3.670000 264.041382 360.181460
3.680000 253.552158 382.729203
3.690000 266.685426 369.608788
3.700000 272.069639 374.076550
3.710000 259.274908 353.903973
3.720000 251.387623 372.623862
3.730000 264.391156 374.561336
3.740000 266.779246 393.467154
3.750000 267.377343 393.024107
3.760000 285.762971 391.002457
3.770000 260.224653 364.944209
3.780000 264.111590 378.078895
3.790000 247.995883 390.123827
3.800000 274.514891 395.400826
3.810000 271.868036 362.518776
3.820000 268.139024 382.117474
3.830000 265.759083 385.998700
3.840000 261.115113 398.435427
3.850000 286.037003 384.321774
3.860000 274.595490 395.600825
3.870000 269.419648 397.017832
3.880000 261.856350 377.705156
3.890000 269.953834 379.706469
3.900000 274.982615 390.166311
3.910000 279.898658 396.342503
3.920000 270.194141 410.997469
3.930000 296.864568 390.871668
3.940000 278.571863 405.601480
3.950000 277.048076 377.548294
3.960000 264.165652 393.155444
3.970000 264.895300 395.504559
3.980000 274.389920 387.337845
3.990000 275.078562 393.910478
4.000000 275.327325 411.031190
4.010000 288.899720 400.785383
4.020000 279.678520 393.903941
4.030000 275.025789 411.320631
4.040000 293.417587 405.235043
4.050000 282.768833 420.059943
4.060000 290.925790 412.950810
4.070000 261.552715 407.034997
4.080000 278.114201 407.999384
4.090000 293.648649 387.743542
4.100000 273.501949 417.389097
4.110000 295.611005 408.058390
4.120000 291.115339 409.400256
4.130000 301.778671 425.087900
4.140000 279.864451 420.985724
4.150000 299.772430 405.884262
4.160000 290.957649 424.212959
4.170000 281.708897 418.666915
4.180000 292.427303 407.271756
4.190000 296.916831 403.109994
4.200000 282.558176 415.540248
4.210000 272.745517 419.110146
4.220000 299.556740 407.550237
4.230000 290.969023 432.153996
4.240000 301.849250 416.844365
4.250000 285.564989 426.942769
4.260000 287.320056 417.165601
4.270000 285.535989 427.069483
4.280000 281.518828 429.936233
4.290000 294.994091 410.384973
4.300000 296.780816 418.725893
4.310000 319.204436 431.118523
4.320000 313.678763 417.232034
4.330000 303.489337 424.162382
4.340000 304.936181 437.408077
4.350000 322.686619 419.466352
4.360000 312.692848 429.945124
4.370000 297.844428 432.267891
4.380000 317.575043 425.963993
4.390000 290.472242 415.614365
4.400000 314.788067 433.208159
4.410000 312.721117 430.719777
4.420000 320.976533 444.345297
4.430000 302.335361 447.501322
4.440000 298.109191 444.996497
4.450000 313.083644 434.677880
4.460000 317.763136 441.653855
4.470000 333.864860 444.449899
4.480000 303.743371 444.347581
4.490000 319.259902 446.176369
4.500000 312.043955 428.203444
4.510000 313.334231 432.453115
4.520000 322.618658 446.976637
4.530000 319.978679 446.279260
4.540000 311.237398 436.480533
4.550000 329.573695 431.980462
4.560000 305.228023 452.845468
4.570000 316.173923 445.257567
4.580000 335.472705 438.120656
4.590000 303.892125 461.556205
4.600000 319.461843 466.973513
4.610000 313.101048 458.588951
4.620000 335.100187 443.075990
4.630000 319.068750 465.192653
4.640000 347.357814 470.505070
4.650000 315.429331 438.894318
4.660000 334.901543 453.214730
4.670000 326.930345 449.783030
4.680000 313.216462 441.648061
4.690000 316.106309 449.753059
4.700000 328.399073 451.792904
4.710000 328.611800 462.321746
4.720000 317.334695 454.121712
4.730000 336.471435 445.322188
4.740000 313.709490 456.774883
4.750000 346.475529 447.750418
4.760000 325.751268 466.447690
4.770000 325.175214 474.321143
4.780000 328.358333 463.641458
4.790000 323.934983 469.766746
4.800000 334.298564 464.887550
4.810000 346.002265 457.938414
4.820000 341.651530 459.857893
4.830000 343.882882 461.681736
4.840000 333.142566 464.823994
4.850000 328.074818 476.395458
4.860000 350.221418 468.944626
4.870000 340.352547 465.728230
4.880000 326.676653 453.930588
4.890000 343.805886 456.036895
4.900000 328.372867 480.044626
4.910000 330.144301 479.146848
4.920000 346.198335 490.002295
4.930000 340.941130 484.555576
4.940000 350.535762 469.020979
4.950000 330.331145 479.019001
4.960000 325.445494 479.874061
4.970000 356.103519 465.154163
4.980000 330.555835 480.216484
4.990000 347.742007 487.070319
5.000000 342.794059 496.337328
5.010000 331.142964 478.176164
5.020000 344.170497 468.011182
5.030000 337.634873 495.372739
5.040000 352.632550 489.848355
5.050000 354.020930 469.309986
5.060000 329.666931 474.257962
5.070000 358.659115 501.749771
5.080000 340.726895 487.943601
5.090000 368.437461 485.476559
5.100000 344.747737 492.916053
5.110000 350.916117 481.709466
5.120000 364.754294 488.388411
5.130000 369.444369 482.772338
5.140000 365.314529 496.694054
5.150000 354.871853 491.215236
5.160000 351.286386 499.541061
5.170000 348.314697 491.324399
5.180000 376.538829 503.028691
5.190000 361.749983 507.424257
5.200000 359.812399 480.280809
5.210000 375.102136 505.962198
5.220000 362.603252 504.617061
5.230000 384.224504 490.953816
5.240000 355.195302 503.379699
5.250000 363.031333 485.519923
5.260000 365.847565 507.678654
5.270000 366.802270 515.865269
5.280000 362.965049 497.436166
5.290000 367.160746 481.728082
5.300000 372.488345 482.908905
5.310000 375.075092 481.042126
5.320000 372.261091 514.157004
5.330000 370.561234 506.431222
5.340000 362.323553 497.509431
5.350000 368.111744 481.198587
5.360000 343.376404 508.228590
5.370000 375.915718 510.396724
5.380000 368.011283 502.626435
5.390000 362.116806 501.262000
5.400000 375.680628 503.017711
5.410000 371.356938 505.506001
5.420000 380.604597 505.865610
5.430000 385.976395 494.115130
5.440000 385.123329 508.329502
5.450000 376.690139 515.166793
5.460000 387.595233 504.674334
5.470000 392.341789 512.188924
5.480000 377.708776 518.173391
5.490000 378.677994 506.777546
5.500000 398.413861 512.931805
5.510000 367.185917 515.127412
5.520000 378.946270 506.667506
5.530000 394.824963 527.578723
5.540000 401.307227 532.862026
5.550000 386.248706 518.494754
5.560000 401.000233 521.792332
5.570000 400.809655 507.488133
5.580000 374.605742 526.230261
5.590000 395.258997 530.570932
5.600000 394.649059 509.684875
5.610000 404.004838 512.236236
5.620000 402.718780 514.275327
5.630000 398.187913 523.118782
5.640000 399.052756 511.279539
5.650000 406.829668 525.579168
5.660000 397.503879 518.191534
5.670000 395.666074 523.200259
5.680000 407.545777 545.682995
5.690000 388.982955 543.145874
5.700000 406.902469 516.583385
5.710000 407.066268 527.422526
5.720000 408.208692 517.298056
5.730000 392.614549 539.610144
5.740000 412.105178 537.546518
5.750000 384.369758 518.859993
5.760000 389.388645 546.831268
5.770000 402.096984 542.194053
5.780000 400.411762 521.149761
5.790000 384.573419 539.139268
5.800000 391.423691 531.319216
5.810000 402.999768 538.800426
5.820000 404.692950 542.655670
5.830000 395.761627 552.065874
5.840000 407.106127 532.657937
5.850000 427.241766 529.972008
5.860000 401.524218 537.528267
5.870000 393.963119 531.324561
5.880000 411.412949 530.882088
5.890000 427.582930 549.784669
5.900000 402.665638 532.463899
5.910000 400.643703 536.346828
5.920000 413.684741 537.024626
5.930000 406.851680 538.899910
5.940000 408.779887 539.652451
5.950000 403.129265 523.595494
5.960000 417.743478 559.933755
5.970000 416.421750 536.913703
5.980000 410.174858 538.381548
5.990000 433.668098 543.472423
6.000000 417.187747 562.704588
6.010000 430.782354 539.080139
6.020000 403.805883 540.232636
6.030000 443.000848 546.999343
6.040000 429.235142 543.429597
6.050000 417.392444 537.830587
6.060000 410.833221 549.987355
6.070000 440.658378 548.688428
6.080000 410.963488 560.455366
6.090000 430.406967 544.465546
6.100000 419.825845 550.199170
6.110000 405.907585 568.867408
6.120000 416.862668 570.785699
6.130000 430.407260 550.334908
6.140000 414.575110 549.675758
6.150000 435.501323 554.483755
6.160000 442.881568 564.480124
6.170000 447.441583 550.999068
6.180000 425.739573 559.819940
6.190000 431.608326 548.930594
6.200000 420.636870 547.646165
6.210000 424.780344 548.442511
6.220000 438.162947 539.682576
6.230000 433.864792 567.387721
6.240000 436.642957 550.511187
6.250000 433.971111 568.450834
6.260000 441.447346 555.600829
6.270000 435.632850 560.095611
6.280000 434.996302 573.425455
6.290000 429.441091 561.414788
6.300000 425.920399 549.258442
6.310000 444.498694 575.397570
6.320000 441.281210 549.946018
6.330000 448.507625 540.284500
6.340000 452.751556 564.246592
6.350000 443.348499 568.827365
6.360000 439.167225 557.381406
6.370000 455.499042 572.063955
6.380000 452.782057 573.947334
6.390000 445.694334 552.842356
6.400000 449.201994 564.476755
6.410000 444.234399 569.135956
6.420000 433.305971 582.225963
6.430000 442.435114 566.815821
6.440000 444.738247 578.483578
6.450000 450.912904 561.393439
6.460000 432.732133 556.791771
6.470000 432.728961 576.112535
6.480000 447.544517 561.103989
6.490000 474.161833 577.507294
6.500000 453.053626 594.844413
6.510000 436.417449 569.446176
6.520000 445.875262 586.660686
6.530000 445.190701 576.347585
6.540000 456.008105 576.920038
6.550000 436.202650 580.490636
6.560000 454.113500 566.200159
6.570000 452.557729 581.853716
6.580000 472.816934 576.669716
6.590000 441.962690 576.121265
6.600000 468.128370 574.547794
6.610000 461.952384 578.773322
6.620000 464.407748 576.175776
6.630000 457.391606 574.338756
6.640000 464.220901 582.892345
6.650000 473.557948 586.232647
6.660000 464.192944 566.085398
6.670000 459.483483 586.929259
6.680000 474.677232 577.459523
6.690000 470.144695 587.893259
6.700000 449.715688 576.454059
6.710000 477.515896 590.646021
6.720000 482.101331 578.063926
6.730000 467.972799 576.571116
6.740000 466.903175 588.319213
6.750000 459.188267 591.910914
6.760000 465.047479 589.636624
6.770000 474.853721 589.611287
6.780000 480.057614 589.635910
6.790000 479.303858 587.876861
6.800000 467.424538 586.646276
6.810000 485.144778 584.655422
6.820000 473.439633 603.092171
6.830000 465.692022 599.183853
6.840000 477.642578 593.592600
6.850000 480.455920 600.408697
6.860000 484.240619 588.525906
6.870000 476.032877 596.695535
6.880000 493.665933 594.171152
6.890000 470.446822 589.483416
6.900000 483.124422 586.575924
6.910000 487.828575 594.444078
6.920000 486.373679 596.535102
6.930000 482.549202 604.076422
6.940000 487.945802 604.909995
6.950000 474.667958 600.310057
6.960000 490.194356 604.661664
6.970000 471.355674 605.119323
6.980000 497.638026 619.564213
6.990000 478.964701 606.079280
7.000000 471.632218 594.700227
7.010000 490.909209 594.689446
7.020000 490.598063 612.746250
7.030000 502.199165 600.669824
7.040000 488.656593 608.622591
7.050000 487.116497 608.366620
7.060000 494.591765 604.563640
7.070000 507.142807 604.744148
7.080000 507.163202 610.711226
7.090000 507.289123 606.629820
7.100000 497.789352 595.812163
7.110000 493.761531 635.468811
7.120000 499.586694 617.468206
7.130000 480.026629 618.525200
7.140000 494.249584 601.660750
7.150000 496.734735 612.118593
7.160000 511.667540 604.603179
7.170000 484.568991 606.209552
7.180000 494.784631 596.427596
7.190000 488.106094 618.093724
7.200000 508.712631 604.623182
7.210000 501.497011 605.593845
7.220000 507.562337 619.859671
7.230000 499.903898 614.219721
7.240000 492.609324 631.614985
7.250000 499.749429 620.012182
7.260000 516.125728 617.269486
7.270000 513.216917 605.269555
7.280000 529.947654 617.657133
7.290000 502.081876 612.529099
7.300000 506.886351 625.266999
7.310000 524.180236 618.251716
7.320000 505.325695 630.103817
7.330000 510.365898 607.662801
7.340000 511.303998 623.325553
7.350000 509.413091 634.168386
7.360000 510.315162 595.353759
7.370000 519.071154 613.652246
7.380000 508.495317 641.700578
7.390000 508.573917 599.027261
7.400000 528.689457 606.337597
7.410000 503.455647 630.495017
7.420000 509.168572 613.466451
7.430000 508.168181 625.832936
7.440000 524.542639 613.789818
7.450000 511.765932 627.459892
7.460000 514.412415 627.922056
7.470000 519.402427 634.176524
7.480000 517.604127 613.821012
7.490000 521.276823 627.212362
7.500000 513.468358 625.536446
7.510000 520.948816 622.337376
7.520000 524.039763 621.927650
7.530000 516.784396 653.960357
7.540000 535.683296 637.324794
7.550000 522.462513 633.520310
7.560000 535.628375 620.666359
7.570000 528.485323 637.902358
7.580000 543.373047 634.849534
7.590000 521.909588 617.122079
7.600000 535.921141 615.131773
7.610000 531.013160 625.708093
7.620000 533.674808 632.175785
7.630000 508.692106 648.468427
7.640000 516.195312 643.759950
7.650000 509.244462 616.267633
7.660000 519.174043 651.548020
7.670000 536.320125 644.127593
7.680000 532.934531 642.692404
7.690000 540.984815 633.642551
7.700000 534.328823 639.381647
7.710000 553.871491 631.808322
7.720000 551.163629 644.092473
7.730000 529.853491 650.223391
7.740000 549.934748 650.068447
7.750000 543.691942 644.663051
7.760000 538.386472 643.961083
7.770000 549.878684 652.337593
7.780000 539.119169 634.101667
7.790000 555.624702 648.717877
7.800000 533.688599 632.717663
7.810000 539.550547 643.449548
7.820000 538.540144 636.856931
7.830000 532.274175 641.398094
7.840000 540.421871 643.677757
7.850000 551.148226 668.489355
7.860000 530.689339 647.509400
7.870000 530.567248 642.481618
7.880000 526.560611 634.570075
7.890000 563.102521 643.441022
7.900000 550.782260 631.546334
7.910000 546.473287 644.820785
7.920000 547.278831 643.926410
7.930000 558.293768 620.275634
7.940000 549.350401 656.068256
7.950000 549.471278 658.233062
7.960000 559.867114 654.071658
7.970000 543.896523 652.252232
7.980000 551.886213 652.605728
7.990000 550.110878 651.456694
8.000000 546.846592 646.541279
8.010000 560.692061 646.422697
8.020000 549.225337 636.693727
8.030000 549.774812 621.169854
8.040000 558.931161 648.543738
8.050000 557.363594 618.043241
8.060000 553.438008 651.333573
8.070000 572.205107 646.396652
8.080000 557.316212 647.453824
8.090000 557.152065 648.186138
8.100000 574.508898 646.600645
8.110000 578.202347 650.985206
8.120000 580.127372 647.615813
8.130000 575.690528 659.508125
8.140000 559.081560 642.171325
8.150000 553.852051 664.864151
8.160000 561.360390 655.975051
8.170000 577.550141 674.806097
8.180000 568.342938 642.260419
8.190000 566.103992 665.155540
8.200000 572.765537 643.327705
8.210000 573.508767 666.733106
8.220000 594.933281 664.510260
8.230000 558.655858 649.935301
8.240000 566.400329 646.120018
8.250000 572.184668 632.633320
8.260000 569.694942 667.849881
8.270000 568.132223 657.473415
8.280000 566.497498 663.032690
8.290000 574.869466 684.379965
8.300000 588.556806 668.737706
8.310000 582.175111 660.890949
8.320000 572.499692 642.120565
8.330000 583.521130 672.948965
8.340000 576.282337 680.244734
8.350000 587.700257 672.924855
8.360000 589.019796 655.907178
8.370000 578.301913 667.180192
8.380000 576.743181 673.815969
8.390000 592.600802 667.225904
8.400000 574.872182 661.998657
8.410000 575.081600 661.767821
8.420000 572.108410 669.716425
8.430000 575.577922 665.468741
8.440000 576.720171 694.365160
8.450000 574.720844 649.731784
8.460000 585.888803 662.212341
8.470000 596.385566 655.417148
8.480000 578.679774 657.370057
8.490000 576.003705 669.815888
8.500000 583.494042 657.839264
8.510000 604.692448 678.364050
8.520000 592.480835 669.709259
8.530000 596.653547 653.822745
8.540000 582.865436 681.226038
8.550000 599.321022 691.593749
8.560000 568.421850 684.441734
8.570000 591.847961 675.517662
8.580000 617.198670 673.625276
8.590000 598.759565 685.378998
8.600000 610.166920 671.124794
8.610000 594.523625 672.207287
8.620000 578.468457 671.070728
8.630000 603.442726 664.244912
8.640000 605.062014 660.420198
8.650000 607.443555 646.508614
8.660000 603.864151 659.742027
8.670000 594.472153 662.564070
8.680000 591.840104 671.747381
8.690000 607.483610 680.752614
8.700000 594.206342 676.943794
8.710000 597.799065 683.568651
8.720000 589.977926 672.639684
8.730000 603.000414 692.272741
8.740000 606.411831 681.484072
8.750000 614.390697 678.724577
8.760000 607.410558 679.605288
8.770000 612.030937 665.804583
8.780000 609.215555 675.618182
8.790000 604.547489 678.241518
8.800000 609.048963 683.737790
8.810000 618.452821 677.906499
8.820000 614.287484 668.249059
8.830000 603.372826 690.488348
8.840000 618.847032 684.200416
8.850000 610.134461 682.341374
8.860000 612.468003 690.582690
8.870000 620.286739 683.846243
8.880000 618.503024 672.170415
8.890000 617.552029 673.421645
8.900000 634.919865 691.184342
8.910000 613.101237 679.440492
8.920000 619.552188 676.041284
8.930000 620.066259 696.751627
8.940000 625.454014 685.903778
8.950000 620.034847 697.562944
8.960000 618.797243 683.730797
8.970000 632.998732 683.351042
8.980000 614.523619 694.920973
8.990000 606.291026 694.350906
9.000000 637.595700 675.922340
9.010000 639.157620 660.543898
9.020000 639.135436 698.729934
9.030000 622.022335 660.134044
9.040000 637.601238 678.159089
9.050000 625.104215 692.717319
9.060000 642.522539 676.563453
9.070000 655.876592 701.936925
9.080000 638.809059 684.902715
9.090000 644.079432 692.582200
9.100000 629.443862 700.394164
9.110000 620.518422 689.197062
9.120000 632.765622 677.162169
9.130000 639.775161 707.976746
9.140000 626.824542 691.610813
9.150000 634.293394 696.531681
9.160000 637.744089 697.029493
9.170000 646.547649 683.088722
9.180000 632.128342 694.543194
9.190000 637.313594 700.823317
9.200000 647.965682 690.840958
9.210000 633.395672 689.485430
9.220000 631.089636 679.376005
9.230000 628.197501 692.251116
9.240000 643.331959 692.577256
9.250000 634.758997 699.475619
9.260000 648.143810 705.252858
9.270000 635.626104 695.913228
9.280000 640.970289 699.032730
9.290000 639.092814 702.643964
9.300000 655.441951 696.591784
9.310000 655.622433 709.204342
9.320000 659.307308 667.490393
9.330000 651.501020 713.389957
9.340000 637.327539 701.467881
9.350000 658.862480 686.394087
9.360000 631.004208 693.744079
9.370000 648.195466 694.118972
9.380000 655.038414 689.266989
9.390000 657.580006 672.420146
9.400000 669.297387 711.036897
9.410000 637.668769 693.377756
9.420000 653.308768 691.810022
9.430000 662.897753 708.891977
9.440000 639.910895 693.676594
9.450000 653.595379 701.136721
9.460000 685.388979 696.852712
9.470000 651.174650 688.923309
9.480000 662.301254 699.407525
9.490000 652.485222 691.497720
9.500000 648.769385 696.362780
9.510000 656.974945 693.071942
9.520000 659.256340 700.752549
9.530000 677.291591 689.046457
9.540000 661.781725 708.325819
9.550000 658.788129 705.540399
9.560000 671.901641 693.312728
9.570000 651.021716 701.819545
9.580000 669.324377 703.004845
9.590000 682.767387 695.620686
9.600000 674.202014 697.116998
9.610000 663.758328 701.475109
9.620000 655.835571 698.605874
9.630000 655.055150 702.571471
9.640000 683.893914 707.616068
9.650000 664.798974 704.917010
9.660000 666.307253 710.554378
9.670000 673.839880 712.900283
9.680000 677.796875 700.890811
9.690000 666.178295 702.933194
9.700000 672.738475 703.359980
9.710000 674.214636 715.516377
9.720000 676.940208 700.737032
9.730000 657.627931 704.055316
9.740000 663.973103 711.515806
9.750000 672.738509 708.415869
9.760000 684.250220 696.883810
9.770000 691.902753 704.720484
9.780000 668.417251 706.238716
9.790000 666.838636 713.111853
9.800000 674.723794 706.595386
9.810000 691.705352 719.345609
9.820000 683.036275 710.028364
9.830000 679.600501 693.217017
9.840000 692.547216 700.111780
9.850000 681.114044 709.786137
9.860000 673.088966 698.095928
9.870000 674.283411 709.810534
9.880000 693.370962 706.311860
9.890000 693.662212 704.354203
9.900000 685.098038 704.760399
9.910000 674.048728 700.944325
9.920000 706.701534 707.065074
9.930000 690.441951 676.811689
9.940000 694.374270 725.820422
9.950000 690.859020 709.418860
9.960000 689.293436 709.414715
9.970000 681.579143 717.064685
9.980000 701.172996 721.416735
9.990000 698.949842 704.073030
10.000000 703.040825 707.400228
10.010000 681.312869 737.649818
10.020000 703.581077 717.609758
10.030000 680.372624 702.247385
10.040000 689.280297 709.569839
10.050000 692.305176 723.204178
10.060000 698.823015 694.324026
10.070000 698.726286 729.680956
10.080000 702.705236 721.487813
10.090000 702.973872 711.783260
10.100000 709.288845 715.069560
10.110000 707.346909 705.489560
10.120000 702.535857 718.050094
10.130000 693.664310 692.482556
10.140000 686.885451 715.425527
10.150000 708.101503 714.024570
10.160000 699.478881 698.813826
10.170000 711.156087 716.860705
10.180000 699.859090 721.713428
10.190000 707.944433 711.378653
10.200000 712.670924 716.010265
10.210000 693.402942 708.263827
10.220000 716.676509 728.442654
10.230000 701.680763 728.165905
10.240000 712.954247 729.969467
10.250000 708.146455 704.508003
10.260000 714.009757 697.596956
10.270000 714.043450 723.659855
10.280000 704.008830 706.466956
10.290000 709.550241 717.452981
10.300000 728.729646 717.553407
10.310000 725.904615 709.701353
10.320000 720.026516 730.152159
10.330000 726.952683 717.236434
10.340000 716.174559 730.116823
10.350000 703.412958 739.414248
10.360000 738.280130 710.326043
10.370000 713.711106 723.609641
10.380000 720.065832 731.682360
10.390000 732.323003 726.888778
10.400000 722.263252 716.039217
10.410000 708.318279 725.620655
10.420000 725.671201 707.981729
10.430000 717.126832 715.734384
10.440000 728.568180 711.294366
10.450000 721.748649 711.207621
10.460000 718.760076 734.518045
10.470000 719.607924 732.256688
10.480000 712.167040 718.348780
10.490000 718.820050 745.271982
10.500000 718.161775 713.433136
10.510000 727.741720 718.441599
10.520000 721.020766 714.768368
10.530000 718.814569 729.000782
10.540000 721.956686 733.402233
10.550000 710.241986 728.030142
10.560000 724.242870 726.017141
10.570000 731.047636 721.861198
10.580000 725.623748 722.540709
10.590000 714.158363 727.902074
10.600000 720.100052 723.145101
10.610000 721.895399 739.400946
10.620000 718.703393 724.772751
10.630000 738.139132 735.000754
10.640000 735.055763 729.981107
10.650000 739.696688 731.906072
10.660000 715.747521 695.798004
10.670000 745.518902 715.951996
10.680000 739.901330 722.122706
10.690000 727.363651 697.600941
10.700000 733.396076 718.390661
10.710000 728.260299 726.759204
10.720000 736.501395 728.554708
10.730000 729.297437 737.087887
10.740000 757.726293 734.726144
10.750000 755.309625 739.603428
10.760000 760.168572 759.941529
10.770000 744.703081 722.513917
10.780000 754.262258 727.045480
10.790000 737.400216 731.921515
10.800000 740.971197 745.270315
10.810000 754.128009 719.730106
10.820000 758.226401 728.568762
10.830000 763.967331 724.379381
10.840000 743.109429 710.646797
10.850000 752.025281 739.070443
10.860000 761.868469 728.589226
10.870000 773.207946 733.618690
10.880000 759.825055 721.522353
10.890000 763.996219 716.798790
10.900000 781.762347 740.302150
10.910000 759.304138 710.691376
10.920000 756.532671 726.625253
10.930000 765.767546 725.194441
10.940000 764.481974 726.460237
10.950000 768.581258 744.781488
10.960000 754.947798 743.527214
10.970000 763.949310 737.991141
10.980000 765.314274 727.616506
10.990000 760.682460 723.484522
11.000000 765.246578 732.385458
11.010000 767.261979 728.310277
11.020000 758.582187 750.239632
11.030000 748.515535 750.159595
11.040000 765.143522 720.056451
11.050000 770.040976 725.660284
11.060000 752.866205 739.224158
11.070000 778.533666 720.593922
11.080000 779.193001 744.043442
11.090000 763.750683 728.594350
11.100000 768.646680 749.419987
11.110000 786.038105 722.613391
11.120000 763.656957 713.977825
11.130000 790.073885 725.403171
11.140000 777.533588 737.876696
11.150000 776.955429 724.690564
11.160000 782.888910 742.345307
11.170000 787.941484 726.083192
11.180000 779.061398 727.692160
11.190000 771.228758 725.706308
11.200000 773.048343 721.145798
11.210000 771.794240 741.243803
11.220000 796.344412 742.364504
11.230000 781.799440 711.838980
11.240000 777.809648 733.555873
11.250000 793.162317 727.809563
11.260000 782.863318 740.359567
11.270000 812.111857 721.302702
11.280000 800.090001 725.013539
11.290000 780.277238 736.597032
11.300000 786.416201 739.197623
11.310000 780.774337 712.733943
11.320000 798.864700 721.041699
11.330000 790.523943 744.630207
11.340000 789.173321 734.050822
11.350000 785.033751 725.717696
11.360000 805.027572 734.175844
11.370000 787.995562 730.065321
11.380000 788.440296 732.636101
11.390000 794.259170 743.213923
11.400000 789.546183 736.324740
11.410000 797.956559 725.276358
11.420000 792.491746 732.828907
11.430000 800.009969 747.132694
11.440000 804.319257 733.114590
11.450000 763.363905 727.954972
11.460000 786.373726 734.759225
11.470000 798.249806 739.454361
11.480000 784.205841 750.223161
11.490000 808.655633 730.747345
11.500000 811.919516 718.063572
11.510000 797.707536 728.380815
11.520000 789.022364 733.765498
11.530000 791.609088 721.708799
11.540000 804.278513 736.934108
11.550000 809.774119 730.948345
11.560000 815.367482 728.441742
11.570000 794.358947 736.506512
11.580000 826.875752 735.434510
11.590000 791.475919 745.937224
11.600000 810.642958 731.404420
11.610000 826.700503 734.110282
11.620000 798.348310 731.366438
11.630000 809.526190 746.860035
11.640000 790.393279 717.343318
11.650000 794.107224 745.056880
11.660000 816.734403 724.639305
11.670000 797.017065 744.286719
11.680000 815.792813 729.557771
11.690000 825.786089 726.547599
11.700000 799.119441 739.571708
11.710000 834.271214 745.384274
11.720000 818.418807 729.047081
11.730000 805.640634 738.072780
11.740000 821.911432 740.761762
11.750000 814.873957 736.580699
11.760000 799.900367 742.382937
11.770000 845.677747 737.883349
11.780000 834.587528 725.236655
11.790000 824.552483 736.820415
11.800000 813.993364 762.166440
11.810000 817.834054 710.755050
11.820000 828.084781 734.850194
11.830000 827.094154 728.328778
11.840000 821.110663 725.255993
11.850000 827.234566 730.403671
11.860000 819.433323 737.889997
11.870000 802.639273 754.044258
11.880000 810.311922 721.159158
11.890000 830.138346 738.170300
11.900000 816.463918 723.340641
11.910000 824.375751 740.974495
11.920000 837.630163 741.988082
11.930000 831.835786 754.955083
11.940000 814.947652 740.831166
11.950000 813.891701 749.001299
11.960000 831.288691 754.432709
11.970000 836.255148 721.977495
11.980000 846.190892 734.809506
11.990000 830.244359 747.042890
12.000000 833.821910 726.123170
12.010000 843.171352 733.979937
12.020000 833.204602 753.460705
12.030000 836.714090 732.386456
12.040000 835.016691 728.400926
12.050000 830.592709 733.348553
12.060000 819.835483 742.644202
12.070000 848.916994 732.840161
12.080000 845.932087 746.678754
12.090000 828.016275 743.989594
12.100000 846.259411 722.762926
12.110000 858.627583 723.914838
12.120000 833.330430 746.663926
12.130000 832.445914 735.284102
12.140000 842.184763 740.149366
12.150000 845.640038 743.689605
12.160000 853.586291 730.999264
12.170000 840.782335 755.783893
12.180000 847.811068 747.094779
12.190000 842.463060 726.921077
12.200000 854.308821 748.250306
12.210000 847.018105 729.967770
12.220000 857.805522 741.394410
12.230000 839.137858 731.496469
12.240000 852.717912 728.090671
12.250000 831.944684 732.560589
12.260000 836.588488 736.786063
12.270000 870.541646 733.332178
12.280000 851.131510 742.590882
12.290000 859.332033 750.798734
12.300000 847.402615 747.603607
12.310000 857.777200 716.268991
12.320000 849.980994 728.004753
12.330000 858.850576 730.116882
12.340000 850.360832 743.511612
12.350000 862.542620 741.715609
12.360000 884.391268 714.229481
12.370000 859.112916 743.440789
12.380000 869.376243 719.334066
12.390000 850.229686 729.288572
12.400000 863.963273 751.540183
12.410000 869.203552 734.504447
12.420000 863.512264 752.681315
12.430000 860.465905 713.817335
12.440000 855.848039 743.942299
12.450000 872.550242 751.105284
12.460000 863.013286 754.763687
12.470000 847.174299 735.443878
12.480000 872.812806 719.460043
12.490000 874.356199 728.890970
12.500000 854.487839 734.698298
12.510000 879.023649 744.724090
12.520000 851.193449 740.199796
12.530000 873.154449 724.317231
12.540000 879.586476 727.578328
12.550000 880.093112 742.933484
12.560000 870.115409 728.019813
12.570000 877.104476 749.428051
12.580000 881.883577 732.510292
12.590000 872.227575 729.432157
12.600000 872.208022 727.497468
12.610000 873.585063 726.017909
12.620000 878.470458 724.103242
12.630000 881.351818 726.150727
12.640000 875.104106 735.483243
12.650000 867.149971 744.505364
12.660000 860.364518 738.941765
12.670000 894.863971 739.725356
12.680000 897.323216 742.402025
12.690000 863.999459 740.519576
12.700000 872.779087 742.432589
12.710000 876.887651 737.207315
12.720000 868.507709 735.770355
12.730000 879.703239 736.362822
12.740000 896.712593 726.583424
12.750000 908.650307 738.689244
12.760000 872.802047 744.090511
12.770000 883.852604 733.135684
12.780000 884.753172 759.090100
12.790000 877.418879 729.187822
12.800000 890.292243 748.661097
12.810000 895.514310 732.683729
12.820000 891.120752 754.076164
12.830000 886.840310 706.816507
12.840000 883.747482 737.514840
12.850000 888.268455 736.693479
12.860000 893.472708 728.062259
12.870000 896.388716 730.725353
12.880000 883.852859 732.263222
12.890000 903.254151 709.781088
12.900000 889.260969 730.557650
12.910000 900.179100 749.752895
12.920000 909.293479 735.554259
12.930000 913.475787 738.008625
12.940000 901.728933 739.619990
12.950000 926.288512 738.479075
12.960000 909.101874 730.333889
12.970000 910.124145 730.605013
12.980000 905.222348 724.880992
12.990000 902.339352 737.992427
13.000000 913.495853 735.614252
13.010000 893.587547 714.079814
13.020000 914.784588 733.229431
13.030000 912.767408 723.727038
13.040000 892.703651 743.247186
13.050000 910.588510 733.543833
13.060000 912.620686 737.273114
13.070000 901.813889 730.382126
13.080000 886.957103 749.198768
13.090000 902.706996 728.099234
13.100000 902.084271 730.242327
13.110000 910.313272 741.748019
13.120000 895.296868 723.452422
13.130000 909.419128 739.266752
13.140000 887.016756 733.005201
13.150000 921.300584 723.199229
13.160000 914.460270 729.727285
13.170000 894.932390 725.235242
13.180000 916.430916 726.132845
13.190000 911.533997 727.165222
13.200000 922.673822 719.250272
13.210000 919.072453 734.042490
13.220000 930.330273 733.157609
13.230000 920.763469 723.839084
13.240000 922.514828 727.788572
13.250000 912.093025 727.232226
13.260000 934.283204 734.861947
13.270000 929.521175 729.838660
13.280000 935.991666 716.605189
13.290000 923.900850 721.199945
13.300000 908.440775 715.779936
13.310000 942.304392 738.470759
13.320000 913.415780 727.754054
13.330000 914.646490 734.310286
13.340000 940.582826 719.378860
13.350000 940.183612 742.382123
13.360000 926.541281 738.195511
13.370000 921.651965 728.801068
13.380000 916.418871 725.661857
13.390000 937.040133 717.822732
13.400000 923.766324 732.472522
13.410000 924.572677 722.458382
13.420000 920.382525 734.191430
13.430000 925.448626 727.725431
13.440000 933.601042 742.933821
13.450000 930.429001 736.512546
13.460000 956.679072 723.492709
13.470000 954.470968 725.003616
13.480000 922.173958 729.054277
13.490000 942.554717 721.791534
13.500000 929.249794 722.944137
13.510000 932.278070 713.968222
13.520000 943.888060 729.273724
13.530000 941.055177 716.729040
13.540000 911.442267 732.460932
13.550000 943.120992 732.696567
13.560000 926.519036 741.489080
13.570000 940.103282 728.856849
13.580000 936.861793 733.238234
13.590000 933.979864 723.030118
13.600000 965.017200 735.041642
13.610000 939.723765 736.988293
13.620000 943.310026 721.828736
13.630000 932.692575 736.931391
13.640000 932.614607 719.169958
13.650000 939.484622 713.809451
13.660000 937.514789 717.442536
13.670000 933.347359 712.752152
13.680000 962.402704 745.705047
13.690000 949.591624 721.960206
13.700000 947.402942 737.852238
13.710000 956.187910 707.017842
13.720000 928.565596 717.595873
13.730000 952.844719 720.484688
13.740000 954.703576 731.061465
13.750000 953.280924 723.726338
13.760000 948.570938 717.682896
13.770000 950.011938 731.409007
13.780000 955.481192 741.108168
13.790000 956.734872 733.947888
13.800000 955.080922 728.435905
13.810000 933.055212 707.949995
13.820000 966.278736 722.823819
13.830000 964.606354 730.714684
13.840000 957.555070 722.230459
13.850000 966.406658 725.892394
13.860000 961.495721 722.359284
13.870000 960.942157 708.880239
13.880000 988.817288 728.154637
13.890000 957.030489 744.538516
13.900000 967.783897 741.879295
13.910000 975.463521 728.734887
13.920000 963.144115 729.438597
13.930000 980.190911 722.231447
13.940000 974.763734 728.103146
13.950000 975.034828 732.390835
13.960000 972.845846 723.890926
13.970000 958.302882 731.172290
13.980000 973.193330 740.686159
13.990000 985.307300 716.793420
14.000000 954.980686 721.737915
14.010000 977.325916 726.102641
14.020000 994.335045 710.753189
14.030000 964.066099 722.986117
14.040000 980.368374 738.974612
14.050000 964.767135 727.885080
14.060000 995.207751 720.160618
14.070000 984.295682 702.293899
14.080000 995.502129 708.379760
14.090000 987.057164 724.460897
14.100000 986.322613 728.606286
14.110000 985.255981 726.658739
14.120000 987.819187 729.021863
14.130000 1007.864966 719.291278
14.140000 971.202816 710.039840
14.150000 959.636309 710.961689
14.160000 993.534159 730.526988
14.170000 985.767320 707.936438
14.180000 989.344297 711.771757
14.190000 964.934035 733.195138
14.200000 969.455339 710.975428
14.210000 960.346940 740.718636
14.220000 992.972600 716.846808
14.230000 1004.103991 717.280403
14.240000 999.137261 724.006385
14.250000 989.903799 732.198733
14.260000 974.378538 723.413073
14.270000 1006.542328 704.026256
14.280000 1001.915105 728.861827
14.290000 985.809240 737.874314
14.300000 995.495467 714.486332
14.310000 990.235131 732.090651
14.320000 1002.805338 712.662994
14.330000 994.050560 702.731138
14.340000 1001.300094 712.278956
14.350000 1022.855647 711.463781
14.360000 989.418201 721.679882
14.370000 989.101719 737.232503
14.380000 999.476436 704.013202
14.390000 1002.859807 725.207898
14.400000 997.907532 724.672641
14.410000 1017.522765 710.459721
14.420000 990.853678 687.626858
14.430000 998.887821 721.858430
14.440000 1010.994090 708.582273
14.450000 1005.601184 707.309666
14.460000 1001.951156 721.481440
14.470000 996.036359 713.452810
14.480000 1006.393476 728.265668
14.490000 987.334989 718.239226
14.500000 986.898935 738.206827
14.510000 1001.578905 722.669285
14.520000 1023.135664 721.987325
14.530000 1012.540756 715.860134
14.540000 988.905864 694.034123
14.550000 1015.394297 712.166006
14.560000 1004.769516 719.989748
14.570000 1001.476416 714.928289
14.580000 1018.888094 682.484617
14.590000 1000.861745 721.789565
14.600000 1018.977018 684.339086
14.610000 1025.529092 723.759164
14.620000 1007.502146 703.271196
14.630000 1018.650040 683.903839
14.640000 998.472454 731.439755
14.650000 1009.313356 726.291913
14.660000 997.164054 697.058825
14.670000 1021.228767 710.846477
14.680000 1020.416469 688.692534
14.690000 1011.391305 716.227618
14.700000 1014.240613 712.633829
14.710000 1020.510037 711.066566
14.720000 1031.373725 720.222727
14.730000 1001.861722 715.966329
14.740000 1029.432362 704.441725
14.750000 1044.409781 699.233918
14.760000 1022.536365 709.263303
14.770000 1029.714525 719.582254
14.780000 1030.403355 725.114978
14.790000 1014.188795 706.489240
14.800000 1037.098925 699.389695
14.810000 1021.171987 706.863261
14.820000 1020.884684 723.428346
14.830000 1030.073928 711.580107
14.840000 1047.574065 724.144599
14.850000 1032.551305 701.046153
14.860000 1051.205791 702.863706
14.870000 1023.629661 711.849151
14.880000 1024.919564 692.751895
14.890000 1025.588572 708.574182
14.900000 1048.564146 694.112940
14.910000 1043.388892 709.757772
14.920000 1036.931246 720.406219
14.930000 1025.658996 708.755602
14.940000 1049.379735 693.304121
14.950000 1040.203981 718.087739
14.960000 1044.192526 705.954580
14.970000 1036.268969 679.863785
14.980000 1050.127682 700.731692
14.990000 1043.483338 707.341353
15.000000 1037.140744 690.974331
15.010000 1033.077199 686.789331
15.020000 1046.626449 708.248788
15.030000 1051.662492 696.508829
15.040000 1039.412613 696.174508
15.050000 1039.027143 689.284776
15.060000 1036.123762 699.921362
15.070000 1049.168972 694.967329
15.080000 1064.667366 705.174486
15.090000 1042.333479 681.437835
15.100000 1045.419538 697.918745
15.110000 1062.411611 700.019806
15.120000 1032.317031 710.216405
15.130000 1060.713698 705.493870
15.140000 1046.253348 685.859534
15.150000 1078.697905 702.949261
15.160000 1051.061294 697.841611
15.170000 1062.241726 692.748448
15.180000 1068.835660 695.205689
15.190000 1052.260397 685.685698
15.200000 1064.969985 701.527519
15.210000 1065.604012 692.522640
15.220000 1062.778668 694.404304
15.230000 1068.833283 686.216333
15.240000 1047.076416 675.450720
15.250000 1048.515118 706.883733
15.260000 1055.543848 689.111504
15.270000 1048.121063 674.954645
15.280000 1065.706613 695.940152
15.290000 1072.384992 703.002943
15.300000 1055.304109 699.698463
15.310000 1064.049503 720.475223
15.320000 1067.447953 680.316667
15.330000 1067.038357 689.091352
15.340000 1049.866654 686.771634
15.350000 1069.892104 699.715701
15.360000 1070.766914 689.403748
15.370000 1062.815127 705.111561
15.380000 1066.135310 689.122590
15.390000 1042.703937 696.230274
15.400000 1076.340302 692.560426
15.410000 1078.112170 698.865950
15.420000 1079.622689 702.060164
15.430000 1073.467174 683.428458
15.440000 1064.225429 684.945613
15.450000 1079.206948 677.836080
15.460000 1083.614622 677.089646
15.470000 1063.676226 693.962237
15.480000 1058.314151 680.490316
15.490000 1062.927234 670.697502
15.500000 1074.756962 696.729750
15.510000 1059.768835 689.296636
15.520000 1075.746822 690.032547
15.530000 1075.678744 685.380873
15.540000 1093.930234 686.636694
15.550000 1087.697266 662.821618
15.560000 1072.263803 678.879508
15.570000 1098.954075 688.440790
15.580000 1072.987200 680.705046
15.590000 1074.233917 690.678831
15.600000 1086.137044 672.772037
15.610000 1084.604550 668.368893
15.620000 1095.867322 661.616623
15.630000 1089.734775 673.502409
15.640000 1088.590722 671.091731
15.650000 1086.829214 701.964997
15.660000 1071.039728 690.057792
15.670000 1086.308592 686.307376
15.680000 1095.030427 689.466455
15.690000 1098.082139 672.670689
15.700000 1079.220567 674.556041
15.710000 1087.716639 682.630983
15.720000 1102.794792 675.437961
15.730000 1102.991233 690.572108
15.740000 1086.342716 679.312827
15.750000 1098.899603 684.341603
15.760000 1091.940549 676.444130
15.770000 1090.500869 681.100511
15.780000 1089.216833 690.118331
15.790000 1094.721722 671.886322
15.800000 1080.100750 672.662320
15.810000 1089.741160 686.782280
15.820000 1103.806965 671.209252
15.830000 1093.201495 679.462145
15.840000 1083.615627 654.813463
15.850000 1098.108804 659.489036
15.860000 1091.595748 673.729633
15.870000 1110.038231 673.882706
15.880000 1086.262706 681.593963
15.890000 1118.767050 678.413381
15.900000 1103.130090 645.013207
15.910000 1113.018360 661.241432
15.920000 1113.953118 660.864030
15.930000 1098.528760 684.429463
15.940000 1111.077999 682.903624
15.950000 1103.195733 663.794435
15.960000 1106.427889 664.264037
15.970000 1105.954745 670.206333
15.980000 1117.905633 674.761178
15.990000 1110.813221 669.379148
16.000000 1118.957821 659.603597
16.010000 1112.426626 652.807053
16.020000 1130.742887 672.595042
16.030000 1113.360382 666.008429
16.040000 1110.167291 661.442336
16.050000 1111.703845 661.109735
16.060000 1136.990373 682.849947
16.070000 1112.750121 658.788029
16.080000 1101.572628 665.196115
16.090000 1138.253835 665.626280
16.100000 1132.087798 665.886968
16.110000 1118.339402 673.183078
16.120000 1118.809129 685.529771
16.130000 1109.280966 672.570912
16.140000 1106.829074 659.957289
16.150000 1128.599350 673.793272
16.160000 1137.774502 677.104523
16.170000 1123.995484 666.855289
16.180000 1121.278581 654.355023
16.190000 1116.082372 647.770334
16.200000 1109.818842 646.944332
16.210000 1116.217223 658.086693
16.220000 1114.256737 666.028987
16.230000 1134.454286 670.001866
16.240000 1151.484631 672.297912
16.250000 1128.716066 649.143391
16.260000 1135.034618 642.387999
16.270000 1135.022366 654.540965
16.280000 1117.099330 649.920976
16.290000 1148.422327 653.242460
16.300000 1144.109285 656.056482
16.310000 1129.402090 636.562719
16.320000 1127.825893 667.966969
16.330000 1136.481557 657.346453
16.340000 1142.524820 653.076495
16.350000 1130.710649 648.594071
16.360000 1151.455855 657.928530
16.370000 1132.658934 658.697592
16.380000 1134.950739 660.997827
16.390000 1141.968851 661.270428
16.400000 1150.033467 648.850420
16.410000 1151.873021 652.978269
16.420000 1133.036627 644.195467
16.430000 1124.273419 663.028957
16.440000 1146.871921 653.958723
16.450000 1133.902864 639.691774
16.460000 1141.820965 637.815674
16.470000 1141.097264 643.521353
16.480000 1138.741982 654.218447
16.490000 1136.997807 649.325541
16.500000 1129.482884 650.845041
16.510000 1152.846449 645.083601
16.520000 1157.502850 640.515525
16.530000 1138.020254 648.845256
16.540000 1138.709029 623.302796
16.550000 1154.376198 648.410748
16.560000 1145.551199 654.155688
16.570000 1149.338564 643.329544
16.580000 1145.993582 658.198293
16.590000 1151.433675 653.574153
16.600000 1155.983829 632.458321
16.610000 1161.488660 645.160987
16.620000 1148.003983 635.618655
16.630000 1145.896180 633.700422
16.640000 1153.798741 646.865531
16.650000 1152.467515 644.761816
16.660000 1145.875097 640.673382
16.670000 1148.050396 642.660419
16.680000 1155.905644 633.691074
16.690000 1150.855454 649.795653
16.700000 1161.248765 646.819785
16.710000 1169.875665 640.223171
16.720000 1170.195633 636.303208
16.730000 1171.491034 644.641415
16.740000 1159.809407 618.143808
16.750000 1174.373550 649.547476
16.760000 1132.995721 628.719354
16.770000 1172.223320 630.756293
16.780000 1167.113955 642.900147
16.790000 1182.187545 644.655425
16.800000 1178.527617 636.877058
16.810000 1174.774250 621.881612
16.820000 1176.756272 636.888828
16.830000 1173.185445 655.628649
16.840000 1172.440486 620.930277
16.850000 1168.007521 623.716968
16.860000 1169.782376 620.264082
16.870000 1159.980507 647.476747
16.880000 1196.637535 643.526930
16.890000 1165.762178 635.533173
16.900000 1172.121296 633.021042
16.910000 1173.588204 620.549075
16.920000 1159.025240 633.939116
16.930000 1160.618555 641.767623
16.940000 1158.919867 627.219162
16.950000 1173.940626 620.226816
16.960000 1180.496444 632.870577
16.970000 1176.955991 632.552088
16.980000 1165.471098 640.302172
16.990000 1180.629677 621.161353
17.000000 1183.294962 636.285876
17.010000 1188.274465 619.666627
17.020000 1166.708630 617.222866
17.030000 1166.938145 636.032583
17.040000 1180.827727 621.105271
17.050000 1170.852181 622.650527
17.060000 1189.623362 627.117100
17.070000 1185.305376 629.642422
17.080000 1179.182595 619.887817
17.090000 1189.631337 618.716776
17.100000 1182.525669 601.406297
17.110000 1167.445200 625.706314
17.120000 1201.167170 620.365343
17.130000 1197.957975 625.095656
17.140000 1198.119995 631.227497
17.150000 1192.698678 617.757160
17.160000 1196.273323 619.531785
17.170000 1191.533611 632.679508
17.180000 1168.831005 613.712323
17.190000 1202.210551 627.599932
17.200000 1179.431934 597.824145
17.210000 1206.295407 612.300529
17.220000 1182.302964 625.872305
17.230000 1215.238527 618.693658
17.240000 1192.266081 609.358774
17.250000 1206.266125 628.522926
17.260000 1185.441540 628.232668
17.270000 1192.869673 632.474329
17.280000 1221.925559 627.144504
17.290000 1212.167475 595.972621
17.300000 1188.714349 598.256820
17.310000 1200.309882 607.790097
17.320000 1212.709020 610.376414
17.330000 1198.660188 603.646708
17.340000 1177.629575 604.002856
17.350000 1206.825732 598.503144
17.360000 1212.704085 608.156387
17.370000 1210.898373 601.153401
17.380000 1201.071871 602.484513
17.390000 1214.423141 600.934632
17.400000 1185.896825 611.047427
17.410000 1202.616306 610.134873
17.420000 1213.023633 601.623618
17.430000 1193.407179 619.520780
17.440000 1205.585542 595.379205
17.450000 1197.568607 603.918617
17.460000 1210.430334 599.360933
17.470000 1233.258336 616.162685
17.480000 1209.222434 597.931383
17.490000 1225.957173 597.322509
17.500000 1201.949248 604.678031
17.510000 1223.250472 598.650335
17.520000 1211.249593 610.820487
17.530000 1220.318406 593.331364
17.540000 1182.364936 590.713460
17.550000 1223.976032 600.177879
17.560000 1237.761020 600.057668
17.570000 1228.401406 593.054441
17.580000 1232.714114 595.303823
17.590000 1225.617594 599.079828
17.600000 1204.328258 595.638994
17.610000 1237.605545 595.154453
17.620000 1235.012209 607.550288
17.630000 1213.320901 613.932453
17.640000 1227.954887 579.929750
17.650000 1211.865133 586.659774
17.660000 1225.314660 593.383221
17.670000 1230.169451 580.475935
17.680000 1242.746384 593.001302
17.690000 1231.208689 607.532636
17.700000 1230.372219 599.055747
17.710000 1226.064844 602.957839
17.720000 1226.076295 601.532885
17.730000 1227.915085 603.195332
17.740000 1246.657492 596.843629
17.750000 1241.508307 590.223652
17.760000 1253.275756 609.413317
17.770000 1239.070482 598.883528
17.780000 1230.269459 581.244109
17.790000 1235.010254 578.764352
17.800000 1241.428597 584.094523
17.810000 1227.753147 601.317336
17.820000 1237.062046 584.696801
17.830000 1235.318767 598.184228
17.840000 1231.576084 583.814671
17.850000 1237.024842 587.498319
17.860000 1227.247517 579.429667
17.870000 1245.566543 572.674000
17.880000 1226.787438 593.725416
17.890000 1246.308125 584.749749
17.900000 1250.785717 587.638651
17.910000 1241.263830 577.864207
17.920000 1237.426077 577.065773
17.930000 1253.936021 593.669252
17.940000 1255.417329 588.438582
17.950000 1256.936501 587.696151
17.960000 1255.526883 578.361778
17.970000 1247.344734 585.718873
17.980000 1252.548439 585.304602
17.990000 1248.156503 576.679296
18.000000 1233.332281 572.328918
18.010000 1247.507489 579.293412
18.020000 1230.835790 558.317239
18.030000 1254.996001 567.879611
18.040000 1273.039485 586.581836
18.050000 1245.128338 575.688606
18.060000 1258.979100 558.928333
18.070000 1273.079489 575.114031
18.080000 1266.228858 560.847581
18.090000 1270.209395 564.696881
18.100000 1252.439785 565.097739
18.110000 1261.374202 560.338368
18.120000 1267.266205 575.971796
18.130000 1258.067523 586.924125
18.140000 1282.506266 580.456773
18.150000 1267.487572 553.776425
18.160000 1262.230611 556.442016
18.170000 1262.540707 586.964178
18.180000 1254.200175 555.874446
18.190000 1246.796358 571.187151
18.200000 1262.091675 573.364524
18.210000 1256.181128 555.436221
18.220000 1280.863937 581.237482
18.230000 1256.288958 570.842855
18.240000 1252.058833 573.817404
18.250000 1262.572163 554.564340
18.260000 1258.301946 580.000479
18.270000 1261.368925 564.634156
18.280000 1278.923093 559.639737
18.290000 1265.537558 553.016079
18.300000 1275.653702 570.618031
18.310000 1288.235124 567.839265
18.320000 1269.601645 570.481302
18.330000 1285.352183 538.693460
18.340000 1286.850775 553.499966
18.350000 1252.048842 569.496855
18.360000 1286.004012 562.639784
18.370000 1272.484697 549.252975
18.380000 1266.801957 553.967454
18.390000 1270.441263 547.661943
18.400000 1273.739745 564.471014
18.410000 1272.043269 554.782882
18.420000 1277.412264 558.000230
18.430000 1286.454817 553.336678
18.440000 1269.170807 543.955308
18.450000 1273.000766 530.835218
18.460000 1288.777406 545.548214
18.470000 1284.059526 551.464276
18.480000 1275.512752 540.517723
18.490000 1291.945860 555.420912
18.500000 1283.832201 549.856925
18.510000 1292.895569 540.590639
18.520000 1304.526565 539.533016
18.530000 1301.229243 538.367048
18.540000 1288.986277 548.007132
18.550000 1298.792345 530.783069
18.560000 1291.793295 538.811933
18.570000 1284.542550 540.181131
18.580000 1298.299350 538.864832
18.590000 1291.747244 544.443985
18.600000 1273.384871 538.929452
18.610000 1292.691506 551.358960
18.620000 1304.827533 535.074417
18.630000 1291.183206 530.869292
18.640000 1290.840351 550.887067
18.650000 1299.176607 535.446254
18.660000 1295.451986 532.002584
18.670000 1279.957325 557.425982
18.680000 1296.935384 536.894562
18.690000 1294.909576 544.487732
18.700000 1304.166039 551.567048
18.710000 1288.814449 518.559122
18.720000 1294.109052 530.455456
18.730000 1288.940854 540.542517
18.740000 1297.586638 535.757522
18.750000 1293.757793 528.440754
18.760000 1311.671645 521.354490
18.770000 1304.741844 532.470161
18.780000 1300.700724 529.197539
18.790000 1312.618989 524.220233
18.800000 1306.594358 546.349321
18.810000 1310.952502 519.336432
18.820000 1316.181013 535.859440
18.830000 1312.970017 523.429164
18.840000 1309.531091 517.285787
18.850000 1314.367956 527.751320
18.860000 1307.161983 525.316283
18.870000 1309.918269 505.042914
18.880000 1306.824347 505.490549
18.890000 1316.761664 516.333651
18.900000 1318.973396 508.983807
18.910000 1308.645729 512.608443
18.920000 1326.652728 513.347607
18.930000 1307.170067 517.223197
18.940000 1320.829421 505.876638
18.950000 1308.822279 532.474415
18.960000 1317.572540 515.586615
18.970000 1302.275549 541.386770
18.980000 1324.012278 523.442980
18.990000 1319.612719 517.301033
19.000000 1308.858098 519.257149
19.010000 1309.956279 498.510930
19.020000 1336.020984 513.453761
19.030000 1322.554794 531.110949
19.040000 1304.211693 523.317723
19.050000 1331.677627 518.413703
19.060000 1330.256436 510.649684
19.070000 1323.677937 501.427782
19.080000 1330.663635 509.684788
19.090000 1307.842735 485.469557
19.100000 1329.836998 500.032717
19.110000 1318.050661 513.112703
19.120000 1336.315350 511.419816
19.130000 1342.545840 497.781834
19.140000 1315.788374 502.630884
19.150000 1335.833939 502.342983
19.160000 1334.914818 508.803631
19.170000 1329.897726 499.880410
19.180000 1326.157895 492.428389
19.190000 1313.459255 495.069324
19.200000 1338.574751 516.896508
19.210000 1336.270177 494.107187
19.220000 1332.698443 507.263647
19.230000 1314.894356 498.531966
19.240000 1346.891555 472.100673
19.250000 1343.396948 492.851391
19.260000 1346.931146 490.911220
19.270000 1324.275730 491.417539
19.280000 1342.448590 495.335221
19.290000 1324.078002 493.323038
19.300000 1321.775269 502.283193
19.310000 1360.016180 487.962897
19.320000 1342.863022 493.740694
19.330000 1335.834213 479.589012
19.340000 1339.894115 508.374824
19.350000 1339.555823 505.785029
19.360000 1348.145606 484.976917
19.370000 1329.009435 484.771203
19.380000 1347.148084 505.345036
19.390000 1329.301187 495.932246
19.400000 1348.496570 466.534585
19.410000 1346.376273 475.004652
19.420000 1354.157793 501.507207
19.430000 1332.442265 487.112000
19.440000 1354.634022 476.182172
19.450000 1349.049945 473.003403
19.460000 1339.742525 488.328862
19.470000 1346.462359 479.987412
19.480000 1355.356744 482.555518
19.490000 1359.169983 481.977710
19.500000 1342.653848 473.904860
19.510000 1362.145317 467.793530
19.520000 1338.741957 493.840562
19.530000 1352.492603 473.096065
19.540000 1353.810374 496.672172
19.550000 1371.338542 481.986269
19.560000 1343.819913 488.776146
19.570000 1359.810025 470.015116
19.580000 1367.459273 477.497279
19.590000 1361.415675 482.702019
19.600000 1345.500447 462.648932
19.610000 1348.737712 461.837480
19.620000 1358.472691 470.673875
19.630000 1362.635224 458.168297
19.640000 1366.670987 475.232423
19.650000 1373.773615 456.656394
19.660000 1363.366856 478.616437
19.670000 1345.082821 466.984306
19.680000 1357.654938 460.611397
19.690000 1376.609480 479.703080
19.700000 1359.960278 459.825253
19.710000 1368.076784 467.849896
19.720000 1373.935782 445.210637
19.730000 1327.377078 457.189659
19.740000 1393.756937 480.286449
19.750000 1371.775449 469.108063
19.760000 1382.912818 479.257773
19.770000 1378.976794 460.269310
19.780000 1391.508590 452.368730
19.790000 1365.827019 467.353858
19.800000 1381.081628 462.161139
19.810000 1394.149325 457.280129
19.820000 1366.992844 467.281339
19.830000 1369.427265 461.350245
19.840000 1366.530666 423.907153
19.850000 1379.536594 475.770027
19.860000 1374.656182 455.377804
19.870000 1367.171527 461.603356
19.880000 1370.325540 430.231923
19.890000 1382.578372 463.250383
19.900000 1368.801910 457.156314
19.910000 1383.128072 424.008078
19.920000 1402.319901 454.042199
19.930000 1403.247773 454.698263
19.940000 1389.054451 456.914060
19.950000 1402.254477 434.970429
19.960000 1394.960451 431.619757
19.970000 1395.064794 446.193303
19.980000 1386.906723 444.700684
19.990000 1369.459325 448.734627
20.000000 1405.497845 426.747246
20.010000 1388.134493 446.571089
20.020000 1374.132757 446.440566
20.030000 1395.224217 467.770121
20.040000 1384.906759 428.816233
20.050000 1409.836475 443.085532
20.060000 1381.042291 428.885304
20.070000 1394.792785 428.663425
20.080000 1385.946258 458.414908
20.090000 1402.240205 423.641646
20.100000 1408.718247 446.540608
20.110000 1379.209960 441.991500
20.120000 1396.646339 427.961367
20.130000 1397.238569 431.666405
20.140000 1380.796780 426.998883
20.150000 1395.709832 431.381874
20.160000 1402.401523 430.878751
20.170000 1417.064884 432.194166
20.180000 1400.066867 425.253686
20.190000 1390.744086 430.600276
20.200000 1411.042707 425.486373
20.210000 1413.630171 428.571366
20.220000 1387.912585 440.539511
20.230000 1407.893919 405.177655
20.240000 1398.910847 431.629443
20.250000 1401.391549 436.170518
20.260000 1407.437305 429.282542
20.270000 1400.347175 425.512760
20.280000 1416.916004 414.967083
20.290000 1405.536384 417.197383
20.300000 1400.797696 424.382364
20.310000 1415.835312 418.819443
20.320000 1392.763211 433.033041
20.330000 1420.912256 415.075701
20.340000 1438.583505 411.141448
20.350000 1411.281823 418.595832
20.360000 1420.383012 396.954190
20.370000 1404.959405 422.217313
20.380000 1418.456937 403.380666
20.390000 1416.535403 411.300725
20.400000 1408.861496 404.964997
20.410000 1420.961424 423.613353
20.420000 1425.039718 397.262012
20.430000 1404.684465 414.810773
20.440000 1430.396112 416.502967
20.450000 1419.246936 409.455778
20.460000 1418.577317 409.941861
20.470000 1409.651748 400.592084
20.480000 1422.268764 408.669496
20.490000 1436.260313 401.696339
20.500000 1427.493554 397.662065
20.510000 1424.705993 381.411405
20.520000 1422.362081 399.269315
20.530000 1430.944051 389.603325
20.540000 1433.260916 408.627354
20.550000 1423.172312 405.013299
20.560000 1430.644133 388.446984
20.570000 1428.361777 408.297389
20.580000 1416.999047 391.537570
20.590000 1444.018743 386.494702
20.600000 1435.329430 401.578430
20.610000 1415.473059 405.980930
20.620000 1452.114003 410.010495
20.630000 1409.096470 390.699360
20.640000 1446.292407 384.625367
20.650000 1432.676832 403.514842
20.660000 1425.855759 373.790124
20.670000 1430.707299 388.977385
20.680000 1436.064656 381.502731
20.690000 1428.803077 397.986474
20.700000 1428.166829 402.046957
20.710000 1435.539124 378.222140
20.720000 1431.445997 389.364277
20.730000 1435.639468 373.376917
20.740000 1450.911270 375.653342
20.750000 1444.281737 378.816606
20.760000 1448.454383 386.529504
20.770000 1452.196144 370.904012
20.780000 1446.989198 376.233741
20.790000 1454.671665 380.319541
20.800000 1435.835081 389.726981
20.810000 1447.661436 362.943578
20.820000 1464.115395 368.772670
20.830000 1439.464459 372.367563
20.840000 1429.054740 376.753096
20.850000 1471.895901 384.304577
20.860000 1453.241839 348.405726
20.870000 1450.288853 376.735428
20.880000 1457.100866 353.131448
20.890000 1465.375461 339.748723
20.900000 1454.793454 363.265804
20.910000 1468.021767 387.413331
20.920000 1452.960438 366.349101
20.930000 1447.133578 372.734383
20.940000 1458.175810 356.109121
20.950000 1475.560245 360.418234
20.960000 1461.582962 362.765539
20.970000 1455.846020 358.353502
20.980000 1459.604672 369.186094
20.990000 1464.749819 368.015889
21.000000 1450.713305 359.286105
21.010000 1446.554256 361.581138
21.020000 1473.362703 361.613961
21.030000 1463.716863 348.679069
21.040000 1466.403737 382.247734
21.050000 1467.168673 359.326998
21.060000 1458.055253 359.102343
21.070000 1462.717065 358.108441
21.080000 1486.881515 374.698989
21.090000 1445.684690 370.614574
21.100000 1468.332072 362.984840
21.110000 1474.913795 361.579339
21.120000 1473.245826 363.513688
21.130000 1456.258756 346.007230
21.140000 1476.675628 358.648279
21.150000 1478.847399 347.565458
21.160000 1467.833971 335.673517
21.170000 1477.037504 350.994040
21.180000 1445.335610 342.138649
21.190000 1465.416097 340.829256
21.200000 1459.075246 353.767393
21.210000 1472.636749 349.257178
21.220000 1473.451275 339.793225
21.230000 1485.469989 329.467362
21.240000 1465.739339 340.666609
21.250000 1471.157095 343.589765
21.260000 1482.752497 351.098506
21.270000 1470.820918 329.721423
21.280000 1461.698351 345.051233
21.290000 1483.947153 342.836734
21.300000 1488.069674 345.244577
21.310000 1488.003312 338.433807
21.320000 1465.345915 327.510665
21.330000 1472.607942 352.983973
21.340000 1463.746148 350.300922
21.350000 1497.096813 335.629081
21.360000 1486.986620 346.057536
21.370000 1476.605547 342.057583
21.380000 1491.456478 319.571819
21.390000 1471.958278 333.941209
21.400000 1484.916784 347.067567
21.410000 1485.119977 326.822406
21.420000 1499.725991 328.318770
21.430000 1481.076762 320.724331
21.440000 1487.652965 322.016574
21.450000 1498.577665 304.880319
21.460000 1482.157131 311.431192
21.470000 1483.026857 318.680825
21.480000 1490.746708 303.860862
21.490000 1493.213147 324.357401
21.500000 1503.149895 307.529048
21.510000 1496.095876 302.451690
21.520000 1493.289566 313.633742
21.530000 1494.320329 336.272583
21.540000 1518.955619 311.314795
21.550000 1513.300413 322.092041
21.560000 1474.216935 324.167805
21.570000 1498.029994 311.843912
21.580000 1492.220176 312.590083
21.590000 1500.939196 317.026580
21.600000 1493.937651 335.547737
21.610000 1501.995328 323.189293
21.620000 1511.483998 316.687317
21.630000 1509.652304 288.247102
21.640000 1506.366526 294.259829
21.650000 1498.681770 305.007403
21.660000 1492.561812 299.920063
21.670000 1496.263940 294.505986
21.680000 1505.803204 285.898658
21.690000 1507.387408 311.865610
21.700000 1512.226317 306.653619
21.710000 1507.704720 301.457136
21.720000 1505.647038 298.000112
21.730000 1511.521484 302.774831
21.740000 1496.900889 298.234184
21.750000 1527.751855 304.913611
21.760000 1532.026965 294.914802
21.770000 1504.523782 308.681204
21.780000 1514.318819 282.486694
21.790000 1501.483008 289.565044
21.800000 1505.469081 301.286535
21.810000 1490.310667 294.767614
21.820000 1517.017124 312.302757
21.830000 1513.801669 292.125643
21.840000 1499.134268 277.513489
21.850000 1530.581483 272.373274
21.860000 1521.750438 292.782013
21.870000 1522.558576 282.550884
21.880000 1516.012760 276.699814
21.890000 1511.921725 272.582928
21.900000 1521.247174 302.525199
21.910000 1539.749118 285.667647
21.920000 1523.443800 282.669059
21.930000 1532.406200 277.501105
21.940000 1502.917855 271.875576
21.950000 1526.560057 256.466399
21.960000 1535.511680 263.240833
21.970000 1523.379431 272.674745
21.980000 1516.330573 279.694187
21.990000 1545.100277 272.887977
22.000000 1531.279595 284.877163
22.010000 1529.127559 285.896598
22.020000 1526.247829 274.714299
22.030000 1527.918802 275.597876
22.040000 1545.394809 287.262852
22.050000 1519.901057 267.507495
22.060000 1549.866023 284.432717
22.070000 1535.151051 273.362309
22.080000 1530.711248 268.968029
22.090000 1538.209971 267.206085
22.100000 1531.420505 251.173442
22.110000 1559.207285 258.435837
22.120000 1533.954383 276.717886
22.130000 1545.361885 279.008347
22.140000 1538.463394 271.301785
22.150000 1535.639078 252.806294
22.160000 1543.645355 255.031192
22.170000 1542.287922 259.479360
22.180000 1538.907198 242.771120
22.190000 1529.506297 247.535994
22.200000 1518.512349 243.669522
22.210000 1550.728293 240.558723
22.220000 1549.895963 257.050458
22.230000 1538.086804 234.880153
22.240000 1536.674997 245.118833
22.250000 1558.495241 232.803353
22.260000 1535.250734 251.936209
22.270000 1529.831642 271.966293
22.280000 1533.471779 235.584580
22.290000 1532.919699 242.342778
22.300000 1548.525447 232.382714
22.310000 1542.765024 226.523365
22.320000 1539.582383 248.626659
22.330000 1543.150463 257.359750
22.340000 1541.321898 233.837423
22.350000 1544.725566 236.685967
22.360000 1558.325638 224.062280
22.370000 1564.697621 254.200472
22.380000 1562.009439 242.729333
22.390000 1558.826562 214.114681
22.400000 1544.750518 217.384589
22.410000 1556.459671 232.224410
22.420000 1551.994580 232.685599
22.430000 1551.063504 238.880256
22.440000 1545.135560 231.815987
22.450000 1562.709723 214.114603
22.460000 1573.019276 214.288552
22.470000 1564.285040 213.991926
22.480000 1556.360631 246.227146
22.490000 1560.800018 195.847426
22.500000 1551.262272 231.568402
22.510000 1552.605795 208.230390
22.520000 1581.860794 218.705879
22.530000 1561.881938 232.130040
22.540000 1569.000338 202.456421
22.550000 1567.838748 211.820462
22.560000 1573.722081 219.969113
22.570000 1579.478864 210.746205
22.580000 1571.428554 230.440845
22.590000 1557.250563 210.790013
22.600000 1553.872731 205.928432
22.610000 1569.706317 225.307845
22.620000 1582.491935 213.520889
22.630000 1551.534694 201.889792
22.640000 1590.059224 203.154970
22.650000 1556.820592 200.794746
22.660000 1563.454094 194.350611
22.670000 1584.095879 213.679471
22.680000 1565.297744 213.462597
22.690000 1585.290427 197.141541
22.700000 1583.451842 193.675176
22.710000 1575.340376 194.414732
22.720000 1577.284652 196.255841
22.730000 1587.879901 215.831224
22.740000 1574.929918 208.688497
22.750000 1585.480922 192.530327
22.760000 1571.860923 186.534473
22.770000 1594.128423 186.412752
22.780000 1581.098658 192.388269
22.790000 1585.827660 210.075415
22.800000 1591.272393 174.763377
22.810000 1593.580933 201.874815
22.820000 1607.989158 209.061621
22.830000 1589.965908 182.267480
22.840000 1576.874719 190.981984
22.850000 1564.155621 197.152828
22.860000 1579.746207 191.036589
22.870000 1579.130808 185.327309
22.880000 1603.570885 195.517042
22.890000 1588.204072 178.335556
22.900000 1605.515693 175.228206
22.910000 1589.211467 182.860021
22.920000 1585.004187 168.710682
22.930000 1595.681010 183.450076
22.940000 1589.350289 184.619524
22.950000 1569.685297 185.201013
22.960000 1602.292653 164.112435
22.970000 1602.492572 197.157731
22.980000 1586.185346 184.845094
22.990000 1579.366241 170.140828
23.000000 1587.721605 166.622990
23.010000 1584.564250 181.376479
23.020000 1594.870673 188.798569
23.030000 1601.558434 161.010539
23.040000 1623.129900 164.894744
23.050000 1608.209573 176.532606
23.060000 1595.792307 151.279998
23.070000 1614.117247 162.696640
23.080000 1588.496669 175.589276
23.090000 1608.272438 164.561239
23.100000 1602.470288 172.651239
23.110000 1584.274631 156.221855
23.120000 1605.228358 152.482471
23.130000 1604.759625 154.239477
23.140000 1631.578199 137.233995
23.150000 1590.516319 150.006883
23.160000 1603.802849 153.343702
23.170000 1622.484906 158.157240
23.180000 1628.426019 159.958712
23.190000 1611.216395 150.750198
23.200000 1603.138410 154.973680
23.210000 1609.227198 162.250705
23.220000 1597.131939 132.109220
23.230000 1631.266731 152.375882
23.240000 1613.376886 145.433898
23.250000 1611.517762 150.071878
23.260000 1610.175058 139.856070
23.270000 1594.746011 138.248182
23.280000 1628.699986 147.344910
23.290000 1621.587667 153.768448
23.300000 1620.269256 150.763303
23.310000 1616.855441 164.203154
23.320000 1616.344594 138.588359
23.330000 1615.791706 138.131847
23.340000 1615.579307 153.918260
23.350000 1628.382641 122.594496
23.360000 1618.135967 136.033909
23.370000 1626.093143 131.498519
23.380000 1631.110236 122.567343
23.390000 1609.970459 112.068490
23.400000 1625.263813 141.388577
23.410000 1629.439042 121.029649
23.420000 1636.854209 125.547834
23.430000 1628.463197 124.184482
23.440000 1634.725545 133.254910
23.450000 1635.768850 115.737049
23.460000 1633.390006 128.078654
23.470000 1614.252408 138.184229
23.480000 1639.469888 131.395595
23.490000 1641.929606 125.711264
23.500000 1613.696606 121.783272
23.510000 1643.390522 109.284481
23.520000 1616.549622 101.584460
23.530000 1618.952033 123.326924
23.540000 1631.736511 107.804044
23.550000 1623.173493 112.073910
23.560000 1629.375078 118.506863
23.570000 1637.541273 103.220490
23.580000 1645.335027 109.608016
23.590000 1632.689310 88.605835
23.600000 1641.394165 114.183007
23.610000 1661.992965 112.933951
23.620000 1629.299798 97.389394
23.630000 1635.992425 110.005885
23.640000 1633.661059 99.593892
23.650000 1650.509918 94.139577
23.660000 1647.741698 107.938555
23.670000 1646.849118 111.451505
23.680000 1656.706708 113.731034
23.690000 1642.940795 99.277647
23.700000 1648.359767 98.563215
23.710000 1646.137363 81.566562
23.720000 1628.639083 96.278083
23.730000 1650.056364 93.541249
23.740000 1659.259878 109.026639
23.750000 1665.220898 82.117176
23.760000 1652.679770 86.441100
23.770000 1640.829715 74.854499
23.780000 1655.006593 78.531202
23.790000 1659.855144 94.992132
23.800000 1642.613622 72.310737
23.810000 1665.047825 80.877423
23.820000 1648.716506 61.955891
23.830000 1651.889784 79.227346
23.840000 1660.760670 69.015814
23.850000 1644.542474 82.809274
23.860000 1660.786364 71.657240
23.870000 1648.090360 73.694485
23.880000 1673.191835 74.676327
23.890000 1666.126761 81.936480
23.900000 1646.707405 77.354316
23.910000 1662.666811 57.605701
23.920000 1670.101129 64.913160
23.930000 1664.546527 55.419855
23.940000 1655.389915 76.451659
23.950000 1654.640086 78.698829
23.960000 1665.431896 68.527701
23.970000 1683.294412 77.543827
23.980000 1665.935592 43.149373
23.990000 1660.843824 68.677015
24.000000 1667.700347 58.887102
24.010000 1668.150800 56.740831
24.020000 1651.507409 45.158815
24.030000 1679.966508 45.879475
24.040000 1681.355510 70.964051
24.050000 1669.268537 48.603519
24.060000 1675.603114 46.808108
24.070000 1661.600443 49.730290
24.080000 1691.624946 51.791752
24.090000 1652.364056 38.284090
24.100000 1669.124756 47.951533
24.110000 1679.685434 56.400342
24.120000 1674.148545 38.316450
24.130000 1672.060631 46.073217
24.140000 1679.501583 56.385842
24.150000 1680.446928 45.916859
24.160000 1676.148563 54.524890
24.170000 1676.784463 46.561675
24.180000 1677.339664 37.139889
24.190000 1683.350388 52.464331
24.200000 1664.761348 43.811185
24.210000 1678.948296 38.900770
24.220000 1673.743665 28.632644
24.230000 1672.443293 36.861114
24.240000 1684.061311 25.885416
24.250000 1689.469309 35.972862
24.260000 1672.166830 39.105404
24.270000 1695.161147 29.737220
24.280000 1681.476842 18.147397
24.290000 1702.879382 34.957909
24.300000 1689.649775 16.195968
24.310000 1666.341309 43.535394
24.320000 1690.676093 15.042626
24.330000 1700.417827 12.453352
24.340000 1688.533349 6.974288
24.350000 1694.502226 16.426796
24.360000 1688.576970 14.917733
24.370000 1693.313833 -5.402273
24.380000 1702.091495 3.108399
24.390000 1683.629201 11.909871
24.400000 1702.805053 14.560650
24.410000 1676.289018 10.031548
24.420000 1700.441707 -5.543958
24.430000 1676.507253 9.518094
24.440000 1689.210748 18.616300
24.450000 1697.324239 18.960279
24.460000 1689.418011 20.813027
24.470000 1705.492696 2.095505
24.480000 1696.611750 10.059998
24.490000 1694.712011 4.342720
24.500000 1712.734852 -8.163711
24.510000 1723.041307 16.104659
24.520000 1684.380323 15.560517
